saavedra@saavedra-To-be-filled-by-O-E-M:~/Documentos/CODES/paralelo/CUDA/ga-rwa-ufpa/c_ga_rwa_serial_janet$ ./sim_rwa ; 
0.0
0.0
0.0
0.0
0.0
2.7
12.0
15.3
22.0
26.7
28.7
29.3
34.0
36.7
46.7
42.7
41.3
47.3
55.3
54.0
59.3
66.0
60.0
64.7
68.7
72.7
80.0
66.0
65.3
71.3
72.0
72.7
76.7
68.0
77.3
76.7
85.3
66.7
76.0
85.3
82.0
75.3
76.7
81.3
78.7
80.7
78.7
84.0
88.0
84.7
86.0
81.3
82.0
78.7
82.0
78.7
83.3
80.0
88.0
82.0
88.0
82.7
80.0
73.3
Time taken: 4.83
saavedra@saavedra-To-be-filled-by-O-E-M:~/Documentos/CODES/paralelo/CUDA/ga-rwa-ufpa/c_ga_rwa_serial_janet$ ./sim_rwa ; 
1.3
0.0
0.0
0.0
0.0
6.7
3.3
11.3
11.3
29.3
22.7
29.3
26.7
42.0
48.0
40.7
52.0
54.0
56.0
49.3
48.7
72.7
60.0
64.7
72.0
67.3
60.7
70.7
75.3
63.3
74.7
64.7
62.0
70.0
82.7
72.0
67.3
70.7
81.3
78.7
80.7
79.3
81.3
78.7
78.7
76.7
84.0
79.3
76.7
86.7
80.7
88.0
82.7
83.3
78.7
88.0
88.7
82.0
86.0
86.7
82.0
86.7
86.7
87.3
Time taken: 5.02
saavedra@saavedra-To-be-filled-by-O-E-M:~/Documentos/CODES/paralelo/CUDA/ga-rwa-ufpa/c_ga_rwa_serial_janet$ ./sim_rwa ; 
0.0
0.0
0.0
0.0
0.0
2.0
12.7
12.0
10.7
34.0
38.0
28.7
26.0
36.7
50.0
40.0
54.7
48.7
44.7
47.3
62.7
62.0
62.0
63.3
68.7
58.7
62.0
61.3
63.3
73.3
72.7
72.0
64.7
76.0
68.0
74.0
86.7
70.7
73.3
82.0
67.3
80.7
77.3
88.0
85.3
83.3
78.0
78.0
80.7
87.3
80.7
81.3
76.0
82.7
80.7
76.0
82.0
82.7
86.7
84.7
88.0
87.3
84.7
89.3
Time taken: 5.08
saavedra@saavedra-To-be-filled-by-O-E-M:~/Documentos/CODES/paralelo/CUDA/ga-rwa-ufpa/c_ga_rwa_serial_janet$ ./sim_rwa ; 
0.7
0.0
0.0
2.0
0.7
4.7
9.3
15.3
16.0
45.3
34.7
40.7
47.3
32.7
45.3
38.7
56.7
53.3
59.3
51.3
46.7
63.3
58.7
68.7
72.7
62.0
71.3
64.7
71.3
60.7
76.0
68.7
74.0
70.7
70.7
70.0
82.7
80.7
82.7
70.0
69.3
80.0
72.0
77.3
82.7
86.7
80.7
75.3
81.3
78.0
81.3
80.7
82.0
84.7
83.3
88.0
82.0
83.3
84.0
86.7
90.0
83.3
85.3
80.7
Time taken: 4.97
saavedra@saavedra-To-be-filled-by-O-E-M:~/Documentos/CODES/paralelo/CUDA/ga-rwa-ufpa/c_ga_rwa_serial_janet$ ./sim_rwa ; 
0.0
0.0
0.0
0.0
0.0
4.7
8.7
12.0
27.3
20.0
19.3
25.3
42.0
42.0
34.7
46.0
39.3
48.7
48.7
56.0
48.0
57.3
64.7
61.3
54.0
66.0
66.0
70.7
68.0
76.0
74.7
67.3
78.0
73.3
67.3
71.3
81.3
79.3
76.0
74.0
82.7
81.3
82.0
74.7
78.0
75.3
84.7
83.3
79.3
84.0
87.3
84.7
72.7
81.3
81.3
86.7
80.7
86.7
82.7
85.3
88.0
82.0
80.0
87.3
Time taken: 4.91
saavedra@saavedra-To-be-filled-by-O-E-M:~/Documentos/CODES/paralelo/CUDA/ga-rwa-ufpa/c_ga_rwa_serial_janet$ ./sim_rwa ; 
0.0
0.0
0.7
0.0
0.0
6.7
10.7
14.7
18.0
22.7
21.3
21.3
32.7
52.0
34.0
46.0
54.7
49.3
56.7
50.7
55.3
52.0
66.7
54.0
61.3
65.3
50.7
73.3
78.7
69.3
78.7
68.7
76.0
76.0
76.7
79.3
66.0
76.7
75.3
78.7
76.0
74.7
81.3
76.0
80.0
80.7
82.0
86.0
88.7
78.0
83.3
84.7
84.0
82.7
84.0
88.0
87.3
90.0
89.3
88.7
80.0
87.3
78.7
80.0
Time taken: 5.11
saavedra@saavedra-To-be-filled-by-O-E-M:~/Documentos/CODES/paralelo/CUDA/ga-rwa-ufpa/c_ga_rwa_serial_janet$ ./sim_rwa ; 
0.0
0.0
0.0
0.0
0.0
2.7
10.7
12.0
13.3
26.0
24.0
24.7
30.7
38.7
43.3
46.7
45.3
57.3
55.3
54.0
56.7
56.0
67.3
57.3
66.7
61.3
66.7
69.3
69.3
72.7
77.3
54.0
72.0
78.0
72.0
80.0
74.0
75.3
82.7
79.3
70.7
85.3
83.3
76.7
81.3
83.3
74.7
83.3
83.3
83.3
89.3
74.7
87.3
81.3
81.3
80.7
83.3
87.3
82.0
87.3
86.7
78.7
80.0
89.3
Time taken: 5.02
saavedra@saavedra-To-be-filled-by-O-E-M:~/Documentos/CODES/paralelo/CUDA/ga-rwa-ufpa/c_ga_rwa_serial_janet$ ./sim_rwa ; 
0.0
0.0
0.7
0.0
4.0
6.0
6.0
8.0
15.3
11.3
31.3
36.7
33.3
38.0
42.7
36.7
45.3
52.7
54.0
52.7
50.7
60.0
56.0
58.7
68.7
66.0
66.7
76.7
70.0
70.0
65.3
75.3
73.3
76.7
73.3
75.3
73.3
62.7
75.3
68.0
78.0
78.0
74.0
81.3
81.3
73.3
82.0
83.3
78.0
79.3
84.0
80.7
73.3
86.7
83.3
87.3
81.3
84.0
83.3
84.0
85.3
86.7
86.7
90.0
Time taken: 4.92
saavedra@saavedra-To-be-filled-by-O-E-M:~/Documentos/CODES/paralelo/CUDA/ga-rwa-ufpa/c_ga_rwa_serial_janet$ ./sim_rwa ; 
0.0
0.0
0.0
0.0
0.7
4.0
4.7
12.7
27.3
21.3
28.0
25.3
32.7
36.0
46.7
46.0
57.3
56.7
48.0
58.7
47.3
54.0
60.7
61.3
59.3
69.3
65.3
67.3
64.7
78.7
74.0
66.0
63.3
74.0
75.3
76.7
71.3
74.7
83.3
74.0
78.7
74.7
80.0
82.0
84.0
84.7
78.7
78.7
80.7
84.7
78.0
84.0
86.7
81.3
80.7
78.7
81.3
86.7
79.3
84.7
87.3
89.3
86.0
82.0
Time taken: 5.11
saavedra@saavedra-To-be-filled-by-O-E-M:~/Documentos/CODES/paralelo/CUDA/ga-rwa-ufpa/c_ga_rwa_serial_janet$ ./sim_rwa ; 
0.0
0.0
0.0
1.3
0.0
8.0
3.3
21.3
15.3
30.7
17.3
34.7
16.0
33.3
38.7
35.3
51.3
50.7
57.3
52.0
52.0
56.7
64.7
66.7
66.7
69.3
66.7
64.0
68.0
68.7
75.3
71.3
68.0
70.0
76.7
76.0
66.0
77.3
72.0
73.3
74.7
80.7
72.7
84.0
82.7
70.7
80.7
74.0
86.0
83.3
81.3
86.0
84.7
80.0
87.3
85.3
82.0
74.7
75.3
89.3
85.3
84.0
84.0
85.3
Time taken: 5.16
saavedra@saavedra-To-be-filled-by-O-E-M:~/Documentos/CODES/paralelo/CUDA/ga-rwa-ufpa/c_ga_rwa_serial_janet$ ./sim_rwa ; 
1.3
0.0
0.7
1.3
2.0
2.7
10.0
8.0
16.0
22.7
36.0
40.0
44.7
32.0
48.0
36.7
48.7
52.0
54.7
47.3
54.0
54.7
58.7
63.3
61.3
64.7
58.7
61.3
64.7
64.7
74.0
68.7
70.0
80.7
73.3
74.7
72.7
78.7
73.3
75.3
81.3
72.7
84.7
69.3
72.7
78.7
78.0
79.3
76.0
83.3
79.3
81.3
83.3
84.0
90.7
78.0
86.7
90.7
76.0
82.7
88.0
79.3
84.0
76.0
Time taken: 4.87
saavedra@saavedra-To-be-filled-by-O-E-M:~/Documentos/CODES/paralelo/CUDA/ga-rwa-ufpa/c_ga_rwa_serial_janet$ ./sim_rwa ; 
0.7
0.0
0.0
0.0
4.7
2.7
5.3
10.0
14.7
16.0
35.3
34.0
40.7
35.3
42.7
42.0
49.3
68.0
52.7
53.3
56.0
61.3
60.0
59.3
54.7
74.7
61.3
69.3
72.7
73.3
74.7
72.7
73.3
66.0
68.0
78.0
75.3
78.7
76.0
72.0
76.7
79.3
80.0
85.3
82.0
74.7
78.7
84.7
86.7
80.7
78.7
84.0
77.3
83.3
87.3
80.7
80.0
86.0
83.3
84.0
89.3
81.3
82.0
94.7
Time taken: 4.95
saavedra@saavedra-To-be-filled-by-O-E-M:~/Documentos/CODES/paralelo/CUDA/ga-rwa-ufpa/c_ga_rwa_serial_janet$ ./sim_rwa ; 
0.7
0.0
0.0
0.0
2.0
4.7
7.3
17.3
36.0
20.7
29.3
34.7
40.7
40.0
42.0
49.3
41.3
60.0
52.7
50.0
50.7
70.0
60.7
64.0
48.7
62.0
63.3
71.3
66.0
60.7
78.0
69.3
67.3
80.0
66.7
68.7
77.3
72.0
83.3
82.7
70.7
77.3
77.3
73.3
75.3
84.7
74.7
79.3
77.3
81.3
80.0
83.3
80.7
82.7
88.7
76.0
88.7
75.3
84.0
82.7
78.0
83.3
78.0
80.0
Time taken: 4.80
saavedra@saavedra-To-be-filled-by-O-E-M:~/Documentos/CODES/paralelo/CUDA/ga-rwa-ufpa/c_ga_rwa_serial_janet$ ./sim_rwa ; 
0.7
0.0
0.0
0.0
0.7
6.7
14.7
10.7
16.0
22.7
23.3
38.0
34.7
36.0
49.3
40.7
53.3
50.7
52.7
56.0
52.7
62.0
57.3
70.7
58.0
61.3
62.7
69.3
72.7
64.7
75.3
76.7
72.0
72.7
76.7
72.0
71.3
73.3
74.7
80.7
82.7
67.3
72.7
83.3
76.0
81.3
80.0
79.3
80.0
84.7
86.7
81.3
82.7
77.3
82.0
84.0
85.3
82.7
82.0
82.7
88.7
80.7
82.0
81.3
Time taken: 4.89
saavedra@saavedra-To-be-filled-by-O-E-M:~/Documentos/CODES/paralelo/CUDA/ga-rwa-ufpa/c_ga_rwa_serial_janet$ ./sim_rwa ; 
0.0
0.0
0.0
0.0
1.3
2.0
14.7
10.0
14.0
22.7
16.7
33.3
35.3
38.7
23.3
43.3
58.0
46.0
50.0
56.0
50.7
58.7
64.0
54.0
58.0
68.0
68.0
59.3
66.0
72.0
68.7
70.7
70.0
64.7
74.0
79.3
82.0
78.7
76.0
79.3
78.7
82.7
76.7
76.7
84.0
77.3
75.3
78.7
80.0
83.3
80.7
85.3
78.7
79.3
83.3
81.3
79.3
82.7
82.0
89.3
85.3
84.0
85.3
78.7
Time taken: 4.99
saavedra@saavedra-To-be-filled-by-O-E-M:~/Documentos/CODES/paralelo/CUDA/ga-rwa-ufpa/c_ga_rwa_serial_janet$ ./sim_rwa ; 
0.0
0.0
0.0
0.0
0.0
3.3
2.7
13.3
19.3
18.7
30.7
21.3
32.0
44.0
56.0
39.3
51.3
41.3
48.0
53.3
48.0
60.0
52.7
59.3
64.0
64.7
74.7
66.7
65.3
74.7
56.7
56.0
73.3
77.3
84.7
71.3
70.0
82.7
76.7
79.3
70.0
78.7
75.3
84.7
77.3
74.0
82.7
80.0
76.7
79.3
82.0
84.7
83.3
82.7
88.7
86.7
81.3
81.3
80.7
83.3
81.3
80.7
84.7
90.0
Time taken: 5.04
saavedra@saavedra-To-be-filled-by-O-E-M:~/Documentos/CODES/paralelo/CUDA/ga-rwa-ufpa/c_ga_rwa_serial_janet$ ./sim_rwa ; 
0.0
0.0
0.0
0.7
2.7
6.0
4.0
14.7
21.3
16.7
10.7
44.7
41.3
44.0
43.3
44.7
52.0
40.7
50.7
64.7
54.0
64.0
66.0
56.7
70.0
72.0
64.0
69.3
75.3
75.3
76.0
76.0
63.3
69.3
68.0
72.7
70.7
77.3
78.7
77.3
78.7
78.7
77.3
79.3
81.3
73.3
80.7
81.3
90.7
84.0
80.0
89.3
84.0
81.3
80.0
81.3
84.0
86.7
79.3
78.7
88.0
84.7
87.3
91.3
Time taken: 4.94
saavedra@saavedra-To-be-filled-by-O-E-M:~/Documentos/CODES/paralelo/CUDA/ga-rwa-ufpa/c_ga_rwa_serial_janet$ ./sim_rwa ;
0.0
0.0
0.0
0.0
0.0
7.3
4.7
19.3
17.3
28.0
32.0
27.3
33.3
26.7
45.3
52.7
44.7
50.7
62.0
60.7
51.3
55.3
57.3
60.7
58.0
59.3
68.7
71.3
76.0
80.0
66.7
70.0
69.3
71.3
80.7
69.3
73.3
75.3
73.3
77.3
76.0
78.0
76.0
81.3
77.3
81.3
70.0
78.0
86.0
88.7
80.0
82.0
88.7
86.7
84.0
89.3
82.7
86.7
81.3
84.7
86.7
93.3
74.0
86.0
Time taken: 4.90
saavedra@saavedra-To-be-filled-by-O-E-M:~/Documentos/CODES/paralelo/CUDA/ga-rwa-ufpa/c_ga_rwa_serial_janet$ ./sim_rwa ; 
0.0
0.0
0.0
0.7
0.0
2.0
6.7
20.0
11.3
21.3
38.0
36.0
45.3
40.0
38.0
50.7
48.0
47.3
59.3
64.7
47.3
54.7
60.7
70.0
64.0
62.7
69.3
60.0
63.3
60.7
70.0
61.3
69.3
72.7
78.0
80.7
70.0
71.3
74.7
73.3
80.0
80.7
77.3
79.3
77.3
71.3
76.7
83.3
84.7
75.3
76.0
79.3
86.7
79.3
84.0
81.3
86.7
86.7
86.7
83.3
80.0
82.0
84.7
80.7
Time taken: 4.97
saavedra@saavedra-To-be-filled-by-O-E-M:~/Documentos/CODES/paralelo/CUDA/ga-rwa-ufpa/c_ga_rwa_serial_janet$ ./sim_rwa ; 
0.0
0.0
0.7
0.0
4.7
7.3
3.3
7.3
16.0
27.3
26.0
27.3
40.7
45.3
54.0
44.7
64.7
42.0
54.0
55.3
52.7
64.7
54.0
60.7
67.3
60.0
73.3
60.0
72.0
70.7
76.7
66.0
76.0
74.0
71.3
64.0
73.3
76.0
78.7
79.3
78.7
74.0
79.3
82.0
75.3
72.7
85.3
90.7
86.0
78.0
86.0
81.3
80.7
82.0
78.7
84.0
78.0
82.0
86.7
84.0
88.7
82.7
80.7
86.7
Time taken: 4.99
saavedra@saavedra-To-be-filled-by-O-E-M:~/Documentos/CODES/paralelo/CUDA/ga-rwa-ufpa/c_ga_rwa_serial_janet$ ./sim_rwa ; 
0.0
0.0
0.0
0.7
1.3
4.7
6.7
13.3
8.0
34.0
33.3
35.3
44.7
42.7
41.3
45.3
44.7
53.3
49.3
49.3
56.7
55.3
66.7
53.3
56.7
57.3
66.0
73.3
65.3
69.3
66.7
78.0
72.0
70.7
72.7
77.3
81.3
73.3
80.0
70.0
72.0
83.3
83.3
75.3
80.7
78.7
77.3
81.3
82.0
82.7
86.0
85.3
83.3
84.7
86.0
78.0
89.3
90.0
81.3
82.7
82.0
82.7
84.7
86.7
Time taken: 4.97
saavedra@saavedra-To-be-filled-by-O-E-M:~/Documentos/CODES/paralelo/CUDA/ga-rwa-ufpa/c_ga_rwa_serial_janet$ ./sim_rwa ; 
0.0
0.0
0.0
0.0
2.7
3.3
8.0
23.3
22.0
25.3
28.7
31.3
34.7
38.7
33.3
46.7
47.3
56.7
57.3
46.0
50.0
50.0
60.0
62.0
66.7
61.3
60.0
74.7
66.0
56.0
67.3
72.7
72.7
75.3
76.0
82.7
70.7
74.0
76.7
78.7
77.3
80.0
84.7
80.0
76.7
78.7
84.0
86.7
85.3
80.7
78.7
78.7
84.7
77.3
76.7
76.7
82.0
86.0
83.3
85.3
84.7
78.7
86.7
80.7
Time taken: 5.04
saavedra@saavedra-To-be-filled-by-O-E-M:~/Documentos/CODES/paralelo/CUDA/ga-rwa-ufpa/c_ga_rwa_serial_janet$ ./sim_rwa ; 
0.7
0.0
0.0
0.0
8.0
6.0
8.7
6.0
16.0
25.3
34.7
36.0
39.3
44.0
46.7
46.0
45.3
54.0
47.3
52.7
53.3
62.7
66.7
55.3
69.3
74.7
63.3
74.7
73.3
66.0
70.0
66.7
66.7
65.3
80.7
77.3
75.3
68.7
78.7
76.7
82.0
79.3
82.0
78.7
75.3
82.7
74.7
84.7
88.0
87.3
81.3
88.0
87.3
83.3
86.7
73.3
78.7
83.3
85.3
82.0
84.7
84.7
84.0
83.3
Time taken: 4.87
saavedra@saavedra-To-be-filled-by-O-E-M:~/Documentos/CODES/paralelo/CUDA/ga-rwa-ufpa/c_ga_rwa_serial_janet$ ./sim_rwa ; 
0.7
0.0
0.7
0.0
0.7
5.3
9.3
5.3
16.7
22.7
25.3
30.0
44.0
34.7
39.3
49.3
45.3
47.3
51.3
48.7
48.0
58.7
62.0
57.3
53.3
61.3
68.0
70.7
72.7
59.3
69.3
73.3
69.3
67.3
70.7
83.3
71.3
75.3
74.7
74.0
78.0
78.0
77.3
80.0
72.7
82.0
75.3
76.7
82.7
80.0
82.7
83.3
80.7
83.3
86.0
85.3
78.7
87.3
88.7
82.0
90.0
86.0
93.3
89.3
Time taken: 4.99
saavedra@saavedra-To-be-filled-by-O-E-M:~/Documentos/CODES/paralelo/CUDA/ga-rwa-ufpa/c_ga_rwa_serial_janet$ ./sim_rwa ; 
0.0
0.0
0.0
0.0
0.0
0.0
4.0
8.7
12.7
25.3
36.7
40.7
39.3
40.0
42.0
36.0
52.0
58.7
58.0
64.0
56.0
56.7
56.7
64.0
66.7
62.7
70.7
61.3
71.3
79.3
74.0
70.7
68.0
72.7
76.7
74.7
72.0
76.0
82.0
70.0
80.7
70.7
80.7
80.7
81.3
82.0
84.7
86.0
79.3
78.7
84.7
80.7
79.3
83.3
83.3
84.0
85.3
79.3
82.0
82.7
86.7
84.0
84.7
86.0
Time taken: 5.02
saavedra@saavedra-To-be-filled-by-O-E-M:~/Documentos/CODES/paralelo/CUDA/ga-rwa-ufpa/c_ga_rwa_serial_janet$ ./sim_rwa ; 
0.0
0.0
0.0
0.0
0.0
2.7
5.3
8.7
16.7
28.0
24.0
30.7
38.7
32.7
36.7
52.7
54.0
50.7
62.0
64.7
58.0
64.7
52.7
68.0
65.3
72.7
62.7
52.7
74.0
69.3
72.7
76.0
70.0
70.0
77.3
70.7
76.0
70.7
72.0
84.7
70.7
80.7
76.0
79.3
85.3
79.3
78.7
80.7
81.3
80.7
84.0
80.0
84.7
88.7
81.3
78.7
87.3
80.0
88.7
88.0
77.3
85.3
85.3
88.7
Time taken: 5.04
saavedra@saavedra-To-be-filled-by-O-E-M:~/Documentos/CODES/paralelo/CUDA/ga-rwa-ufpa/c_ga_rwa_serial_janet$ ./sim_rwa ; 
0.0
0.0
0.0
0.7
0.0
3.3
6.0
14.0
18.0
14.7
22.0
37.3
38.0
43.3
46.0
38.7
58.0
47.3
51.3
55.3
57.3
55.3
55.3
52.7
69.3
75.3
62.7
56.7
73.3
66.7
75.3
76.7
66.7
77.3
78.0
75.3
72.7
72.0
79.3
77.3
79.3
82.7
79.3
82.0
79.3
82.7
77.3
78.7
84.7
88.7
83.3
86.7
90.7
76.7
88.7
82.7
79.3
82.7
80.7
86.7
86.7
82.0
84.7
82.7
Time taken: 5.01
saavedra@saavedra-To-be-filled-by-O-E-M:~/Documentos/CODES/paralelo/CUDA/ga-rwa-ufpa/c_ga_rwa_serial_janet$ ./sim_rwa ; 
0.7
0.0
0.0
0.0
1.3
0.7
6.7
12.0
18.0
34.0
32.7
26.7
25.3
46.0
47.3
50.0
41.3
59.3
48.0
61.3
61.3
56.0
65.3
64.7
56.0
70.7
64.0
70.7
64.7
73.3
72.7
72.7
70.0
62.0
74.0
74.7
76.0
72.7
73.3
83.3
74.7
80.7
82.7
84.0
76.0
76.0
83.3
80.7
78.0
86.0
84.7
84.0
78.0
73.3
87.3
82.0
75.3
83.3
85.3
85.3
83.3
88.7
87.3
87.3
Time taken: 5.03
saavedra@saavedra-To-be-filled-by-O-E-M:~/Documentos/CODES/paralelo/CUDA/ga-rwa-ufpa/c_ga_rwa_serial_janet$ ./sim_rwa ; 
0.0
0.0
0.0
0.0
0.7
2.7
5.3
16.7
14.7
23.3
27.3
38.0
30.7
36.7
54.0
40.7
53.3
65.3
57.3
50.0
66.0
57.3
64.0
55.3
55.3
65.3
73.3
62.7
72.7
71.3
76.0
74.7
77.3
68.7
83.3
80.0
68.7
74.0
74.0
78.7
74.0
82.7
68.7
72.0
80.7
80.7
77.3
90.0
76.0
76.0
78.0
81.3
80.7
83.3
78.7
86.7
86.7
81.3
82.0
87.3
82.0
89.3
83.3
77.3
Time taken: 5.01

