0.0
0.0
0.0
0.0
0.7
0.0
2.0
0.7
2.7
0.7
1.3
2.0
2.7
4.7
5.3
8.0
14.0
9.3
12.7
18.7
12.0
16.7
18.0
12.0
12.7
18.7
18.7
16.0
26.0
24.7
19.3
18.0
14.7
13.3
21.3
17.3
31.3
30.0
10.7
32.0
30.7
26.7
29.3
30.0
22.0
32.0
32.0
25.3
13.3
26.7
13.3
32.0
32.0
30.0
26.7
28.7
31.3
24.7
32.7
31.3
21.3
30.7
10.7
21.3

blockDim.x: 64
gridDim.x: 150
stride: 9600

Time taken: 3.92
0.0
0.0
0.0
0.0
1.3
0.0
0.7
3.3
7.3
0.0
0.0
8.7
8.7
8.7
14.7
6.7
2.0
18.7
18.7
20.7
12.0
22.0
22.0
30.0
22.7
24.7
31.3
20.0
26.0
27.3
23.3
32.0
40.7
40.7
40.7
30.7
43.3
17.3
38.7
49.3
38.7
41.3
40.7
38.0
36.7
31.3
42.0
49.3
42.7
47.3
34.0
39.3
35.3
36.7
49.3
48.0
42.7
42.7
46.7
44.0
39.3
41.3
36.0
42.0

blockDim.x: 64
gridDim.x: 150
stride: 9600

Time taken: 4.23
0.0
0.0
0.0
0.0
0.0
2.0
0.7
3.3
10.7
2.0
8.7
4.7
3.3
11.3
12.0
6.0
13.3
12.0
11.3
16.7
11.3
20.0
23.3
28.0
22.7
19.3
32.7
16.0
27.3
28.7
25.3
29.3
12.7
28.7
0.0
38.0
17.3
8.7
38.7
54.7
49.3
30.7
51.3
16.0
34.0
52.7
21.3
27.3
29.3
37.3
44.7
30.7
52.7
52.0
34.7
23.3
50.7
52.7
50.0
40.7
60.0
42.0
52.0
53.3

blockDim.x: 64
gridDim.x: 150
stride: 9600

Time taken: 4.32
0.0
0.0
2.7
2.0
5.3
7.3
10.0
6.0
12.0
15.3
16.0
14.0
20.7
25.3
18.0
29.3
22.7
22.0
29.3
36.0
29.3
44.0
38.7
40.0
32.7
36.0
38.0
38.7
32.0
48.0
41.3
46.0
39.3
45.3
42.0
55.3
58.7
49.3
53.3
56.7
53.3
52.0
38.7
60.0
42.7
52.7
64.7
56.0
59.3
46.0
56.7
56.7
59.3
40.7
71.3
68.0
74.0
68.0
65.3
70.0
56.7
63.3
61.3
67.3

blockDim.x: 64
gridDim.x: 150
stride: 9600

Time taken: 3.89
0.0
0.0
0.0
0.0
1.3
0.0
3.3
4.7
4.7
6.0
8.7
6.7
6.7
10.7
12.0
12.7
12.0
16.7
24.0
23.3
18.0
16.7
24.7
24.7
23.3
26.7
27.3
26.0
24.0
30.0
22.0
26.0
42.0
42.0
33.3
10.7
21.3
24.7
30.0
33.3
24.0
26.0
28.7
31.3
25.3
22.7
28.0
32.0
32.0
30.0
42.7
23.3
22.0
42.7
35.3
21.3
32.0
26.7
38.0
26.0
42.7
42.7
42.7
41.3

blockDim.x: 64
gridDim.x: 150
stride: 9600

Time taken: 3.93
0.0
0.0
0.7
2.0
8.0
7.3
8.7
9.3
4.7
12.7
26.7
22.7
26.7
26.7
30.7
24.0
30.7
25.3
28.0
36.0
34.0
38.0
32.7
34.7
38.0
36.0
36.7
40.0
36.7
36.0
40.7
42.7
32.7
43.3
52.0
52.0
50.0
36.0
46.0
52.0
51.3
61.3
35.3
50.7
53.3
64.0
25.3
54.0
52.0
52.7
41.3
32.0
44.7
51.3
43.3
43.3
61.3
59.3
43.3
37.3
42.0
42.0
63.3
52.7

blockDim.x: 64
gridDim.x: 150
stride: 9600

Time taken: 3.47
0.0
0.0
0.7
0.0
1.3
1.3
1.3
0.0
0.7
1.3
0.7
6.7
1.3
6.7
6.7
4.7
10.0
15.3
10.0
8.0
20.0
20.7
11.3
10.7
12.7
16.7
25.3
19.3
15.3
28.7
26.0
24.7
12.7
37.3
36.0
23.3
32.0
35.3
26.7
38.0
40.7
35.3
15.3
9.3
31.3
28.0
34.7
36.0
34.0
42.7
38.0
20.0
44.7
42.0
41.3
34.7
21.3
41.3
32.0
36.7
38.0
38.0
42.0
38.0

blockDim.x: 64
gridDim.x: 150
stride: 9600

Time taken: 4.34
0.0
0.0
0.0
0.0
0.7
0.0
1.3
0.0
0.7
0.0
2.7
3.3
5.3
5.3
6.0
4.0
8.7
14.0
7.3
13.3
9.3
7.3
9.3
12.7
7.3
11.3
10.0
14.7
14.7
12.0
11.3
14.7
11.3
21.3
10.7
21.3
0.0
20.0
11.3
10.7
21.3
21.3
20.7
11.3
0.0
10.0
20.0
11.3
21.3
10.7
22.0
9.3
10.7
12.0
1.3
12.0
21.3
21.3
21.3
21.3
10.7
21.3
21.3
18.7

blockDim.x: 64
gridDim.x: 150
stride: 9600

Time taken: 3.33
0.0
0.0
0.0
0.0
0.0
0.7
6.7
6.0
3.3
5.3
7.3
6.0
12.7
12.7
10.0
12.0
19.3
17.3
19.3
20.7
31.3
23.3
27.3
25.3
27.3
23.3
32.0
32.0
33.3
35.3
32.0
32.0
41.3
43.3
42.0
41.3
21.3
42.7
40.0
43.3
44.7
44.7
49.3
40.0
32.0
41.3
43.3
22.0
38.0
26.7
53.3
51.3
32.0
45.3
34.0
29.3
36.7
36.7
53.3
51.3
42.7
44.7
43.3
45.3

blockDim.x: 64
gridDim.x: 150
stride: 9600

Time taken: 4.53
0.0
0.0
0.0
0.0
0.0
0.7
1.3
3.3
2.7
3.3
6.0
2.7
6.7
4.0
4.0
11.3
8.7
13.3
17.3
7.3
15.3
17.3
13.3
19.3
14.0
22.0
26.0
22.7
24.7
25.3
28.0
26.0
26.0
31.3
24.7
42.7
30.7
31.3
46.0
32.7
20.0
34.0
25.3
34.7
34.0
44.7
42.7
25.3
40.0
31.3
34.0
24.7
31.3
35.3
38.0
40.0
38.7
41.3
40.7
42.0
43.3
42.7
44.0
44.0

blockDim.x: 64
gridDim.x: 150
stride: 9600

Time taken: 3.95
10.7
18.7
15.3
27.3
18.0
24.0
26.7
49.3
40.0
47.3
50.0
54.0
50.7
64.0
66.0
65.3
58.0
70.7
69.3
71.3
68.0
67.3
71.3
73.3
70.7
76.0
75.3
72.0
74.7
73.3
76.7
76.0
74.7
74.7
74.7
74.7
74.7
74.7
61.3
85.3
85.3
85.3
74.7
74.7
85.3
74.7
74.7
74.7
74.7
85.3
74.7
72.0
85.3
74.7
74.7
85.3
85.3
85.3
85.3
85.3
74.7
74.7
85.3
85.3

blockDim.x: 64
gridDim.x: 150
stride: 9600

Time taken: 3.20
14.0
12.7
10.7
16.7
17.3
20.7
22.0
20.0
22.7
26.0
26.7
31.3
34.7
41.3
39.3
43.3
40.7
38.7
43.3
42.0
49.3
52.0
53.3
53.3
54.7
57.3
57.3
62.7
51.3
58.0
56.7
56.7
60.7
64.0
80.0
54.0
60.7
82.7
82.0
84.7
84.0
54.0
50.0
53.3
82.7
77.3
54.0
66.0
66.0
75.3
78.0
85.3
53.3
82.7
53.3
77.3
78.0
68.7
62.7
84.7
57.3
84.0
78.7
77.3

blockDim.x: 64
gridDim.x: 150
stride: 9600

Time taken: 3.90
0.0
0.0
1.3
0.7
0.0
2.0
2.0
6.0
4.7
5.3
6.7
4.7
2.7
10.0
7.3
17.3
9.3
8.7
16.7
18.0
18.7
19.3
20.7
20.0
24.7
19.3
23.3
29.3
24.0
23.3
26.0
18.7
23.3
26.7
38.0
27.3
28.0
24.7
28.0
37.3
28.0
38.0
36.0
26.0
30.0
24.0
30.0
25.3
36.7
38.0
4.7
28.7
35.3
26.7
38.0
29.3
28.7
38.7
26.7
27.3
38.0
28.7
38.7
36.0

blockDim.x: 64
gridDim.x: 150
stride: 9600

Time taken: 4.09
4.7
0.7
0.7
3.3
2.0
10.7
10.0
4.0
11.3
6.0
10.0
14.0
9.3
11.3
16.0
17.3
11.3
10.0
19.3
11.3
19.3
20.0
24.0
27.3
26.0
20.7
18.0
28.0
24.7
28.0
26.7
31.3
27.3
11.3
30.0
42.7
45.3
46.7
58.7
59.3
42.0
37.3
21.3
27.3
44.7
32.7
48.7
37.3
58.7
47.3
38.7
42.7
62.7
46.7
46.7
54.0
68.7
38.7
30.0
73.3
44.7
32.7
58.7
54.7

blockDim.x: 64
gridDim.x: 150
stride: 9600

Time taken: 4.14
0.0
0.0
0.0
0.0
2.0
1.3
1.3
2.7
8.0
2.0
6.7
6.7
7.3
12.7
19.3
18.0
21.3
17.3
20.7
24.7
22.0
26.0
27.3
27.3
24.7
34.0
30.0
34.7
28.7
23.3
30.0
38.7
24.7
30.7
32.0
51.3
40.7
42.0
28.7
5.3
42.7
52.7
51.3
42.7
51.3
32.0
40.7
42.0
50.7
52.7
50.7
42.7
48.0
49.3
35.3
40.0
42.7
53.3
49.3
53.3
54.0
52.7
34.0
51.3

blockDim.x: 64
gridDim.x: 150
stride: 9600

Time taken: 3.90
0.0
0.0
0.0
0.0
0.0
0.0
0.0
0.0
0.0
0.0
0.0
0.7
0.0
3.3
2.0
2.0
4.7
3.3
6.0
2.7
4.0
6.0
3.3
3.3
6.0
6.7
5.3
10.7
8.0
8.0
8.7
9.3
16.0
10.0
13.3
9.3
0.0
10.7
21.3
14.0
21.3
22.7
12.0
10.7
21.3
21.3
16.7
20.7
13.3
28.7
18.7
10.7
18.0
20.7
21.3
21.3
10.7
18.0
30.0
18.7
22.0
31.3
28.0
28.7

blockDim.x: 64
gridDim.x: 150
stride: 9600

Time taken: 4.26
2.7
0.7
5.3
6.7
13.3
14.0
18.0
17.3
22.0
16.7
24.0
25.3
32.0
37.3
34.0
30.7
48.0
32.7
54.0
49.3
44.7
50.0
58.7
50.7
61.3
60.0
52.7
60.0
56.7
57.3
63.3
67.3
48.7
64.0
52.7
74.7
54.7
74.7
64.7
74.7
74.7
74.7
74.7
74.7
64.0
73.3
59.3
66.7
74.7
69.3
74.7
70.0
52.0
63.3
74.7
65.3
74.7
74.7
74.7
74.7
74.0
74.7
74.7
63.3

blockDim.x: 64
gridDim.x: 150
stride: 9600

Time taken: 3.63
0.0
0.0
0.0
0.0
0.0
0.0
0.0
0.0
0.0
0.0
0.0
0.0
0.0
0.0
0.0
0.0
0.0
0.0
0.0
0.0
0.0
0.0
0.0
0.7
0.0
0.0
0.7
2.7
0.7
2.0
2.0
1.3
2.0
3.3
1.3
0.0
0.7
0.7
6.0
0.0
6.7
6.0
2.7
0.0
0.0
4.7
9.3
0.0
8.7
0.0
4.7
0.0
0.0
5.3
4.0
4.0
9.3
6.0
10.7
0.0
0.0
9.3
8.0
6.0

blockDim.x: 64
gridDim.x: 150
stride: 9600

Time taken: 4.09
0.0
0.0
0.0
0.0
0.0
0.0
0.0
0.0
0.0
0.0
0.0
0.0
0.0
0.0
0.0
0.0
0.0
0.0
0.0
0.0
0.0
0.0
1.3
0.0
0.0
1.3
0.7
1.3
1.3
2.0
4.7
2.7
10.0
12.7
0.0
14.0
0.0
5.3
0.0
0.7
15.3
14.7
0.0
8.7
6.7
4.7
10.7
0.0
15.3
6.0
14.7
6.7
12.0
6.7
0.7
10.7
8.7
6.0
10.7
2.0
11.3
1.3
20.7
8.0

blockDim.x: 64
gridDim.x: 150
stride: 9600

Time taken: 4.18
0.0
0.0
0.0
0.0
0.0
0.0
0.0
0.7
0.7
0.0
0.7
0.0
0.7
1.3
1.3
2.0
1.3
1.3
2.0
1.3
5.3
6.0
8.0
7.3
6.0
4.0
7.3
10.7
12.7
8.0
10.0
11.3
12.7
12.7
0.0
0.7
8.7
15.3
22.0
0.0
18.7
20.0
10.0
32.0
14.7
32.0
19.3
18.0
31.3
8.7
20.0
16.7
14.0
30.0
21.3
30.0
14.7
13.3
21.3
11.3
4.7
21.3
32.0
30.7

blockDim.x: 64
gridDim.x: 150
stride: 9600

Time taken: 4.55
