saavedra@saavedra-To-be-filled-by-O-E-M:~/Documentos/CODES/paralelo/CUDA/ga-rwa-ufpa/c_ga_rwa_serial_ipe2$ ./sim_rwa 
0.0
0.0
0.0
0.0
0.0
0.0
0.7
0.0
0.7
0.0
0.0
1.3
4.7
0.0
0.0
2.7
4.0
0.0
6.7
12.0
8.0
28.0
20.0
26.7
23.3
20.0
15.3
38.0
20.7
41.3
23.3
37.3
39.3
44.0
50.7
54.0
36.0
46.0
61.3
40.0
59.3
44.0
50.7
50.7
56.7
55.3
63.3
66.7
50.0
55.3
55.3
60.7
64.7
60.0
62.0
66.7
61.3
62.0
68.7
67.3
72.0
68.0
71.3
67.3
Time taken: 8.01
saavedra@saavedra-To-be-filled-by-O-E-M:~/Documentos/CODES/paralelo/CUDA/ga-rwa-ufpa/c_ga_rwa_serial_ipe2$ ./sim_rwa 
0.0
0.0
0.0
0.0
0.0
0.0
0.0
0.0
0.0
0.0
0.0
0.7
1.3
2.0
0.7
0.7
0.7
14.7
11.3
11.3
18.0
6.7
26.7
16.7
26.0
22.0
32.0
44.7
20.0
28.7
35.3
33.3
39.3
52.0
32.0
47.3
39.3
52.0
54.7
57.3
49.3
50.7
48.0
56.7
62.7
65.3
48.7
58.0
70.7
62.7
60.0
51.3
59.3
53.3
67.3
66.7
59.3
70.7
57.3
58.0
69.3
66.7
74.0
60.0
Time taken: 8.11
saavedra@saavedra-To-be-filled-by-O-E-M:~/Documentos/CODES/paralelo/CUDA/ga-rwa-ufpa/c_ga_rwa_serial_ipe2$ ./sim_rwa 
0.0
0.0
0.0
0.0
0.0
0.0
0.0
0.0
0.0
0.7
0.0
0.7
0.7
2.7
2.0
10.7
7.3
12.7
15.3
10.0
20.7
24.0
16.7
38.7
31.3
28.7
33.3
40.0
29.3
31.3
40.0
36.0
32.0
30.0
44.0
47.3
50.0
55.3
46.0
40.0
48.0
44.0
54.0
52.0
45.3
58.7
54.0
56.0
64.7
46.0
58.0
54.0
54.0
55.3
63.3
59.3
62.0
59.3
68.0
51.3
69.3
58.0
60.7
72.7
Time taken: 7.39
saavedra@saavedra-To-be-filled-by-O-E-M:~/Documentos/CODES/paralelo/CUDA/ga-rwa-ufpa/c_ga_rwa_serial_ipe2$ ./sim_rwa 
0.7
0.0
0.0
0.0
0.0
0.7
0.7
0.7
2.0
1.3
1.3
5.3
8.0
22.7
39.3
13.3
37.3
15.3
19.3
30.7
38.7
24.7
44.0
45.3
33.3
37.3
38.0
48.7
48.0
51.3
48.0
47.3
45.3
50.7
59.3
58.7
61.3
67.3
68.7
60.0
52.0
62.0
66.7
71.3
66.0
72.7
71.3
60.7
60.7
65.3
72.7
71.3
76.7
77.3
60.7
82.7
68.0
72.0
79.3
67.3
76.0
66.0
73.3
70.7
Time taken: 7.54
saavedra@saavedra-To-be-filled-by-O-E-M:~/Documentos/CODES/paralelo/CUDA/ga-rwa-ufpa/c_ga_rwa_serial_ipe2$ ./sim_rwa 
0.0
0.0
0.0
0.0
0.0
0.0
0.0
0.0
0.0
0.0
0.0
0.7
0.0
2.7
4.7
0.0
17.3
13.3
13.3
20.7
22.0
18.0
21.3
24.7
20.0
32.7
30.0
33.3
38.0
33.3
52.0
44.7
38.7
42.0
41.3
40.0
52.0
53.3
54.7
61.3
43.3
56.0
52.0
46.7
45.3
62.7
63.3
68.7
45.3
59.3
62.7
64.0
55.3
59.3
68.0
66.0
68.0
67.3
63.3
60.7
65.3
74.0
64.0
58.0
Time taken: 7.87
saavedra@saavedra-To-be-filled-by-O-E-M:~/Documentos/CODES/paralelo/CUDA/ga-rwa-ufpa/c_ga_rwa_serial_ipe2$ ./sim_rwa 
0.0
0.0
0.0
0.0
0.0
0.0
0.0
0.0
0.0
1.3
0.0
3.3
2.0
12.0
6.7
14.0
5.3
14.0
20.0
18.7
26.7
24.7
32.7
33.3
19.3
41.3
46.0
47.3
54.0
46.0
44.0
36.0
46.0
51.3
43.3
49.3
48.0
54.7
56.7
52.0
63.3
55.3
55.3
55.3
56.7
60.0
52.7
64.0
59.3
70.0
67.3
67.3
60.0
59.3
74.7
63.3
70.7
71.3
76.0
68.7
70.7
70.0
67.3
75.3
Time taken: 7.62
saavedra@saavedra-To-be-filled-by-O-E-M:~/Documentos/CODES/paralelo/CUDA/ga-rwa-ufpa/c_ga_rwa_serial_ipe2$ ./sim_rwa 
0.0
0.0
0.0
0.0
0.0
0.0
0.0
0.0
0.0
0.0
0.0
0.7
2.7
3.3
2.7
3.3
2.0
13.3
8.0
12.7
8.0
22.7
24.0
20.0
29.3
33.3
30.7
27.3
32.7
33.3
36.7
32.7
44.0
40.7
42.7
43.3
47.3
44.0
48.7
37.3
40.0
47.3
57.3
56.0
56.7
53.3
56.0
56.7
60.7
54.0
58.7
64.7
60.0
54.0
56.0
57.3
53.3
60.7
64.0
70.0
63.3
62.0
66.0
68.0
Time taken: 7.83
saavedra@saavedra-To-be-filled-by-O-E-M:~/Documentos/CODES/paralelo/CUDA/ga-rwa-ufpa/c_ga_rwa_serial_ipe2$ ./sim_rwa 
0.0
0.0
0.0
0.0
0.0
0.0
0.0
0.0
0.0
0.0
0.7
1.3
0.0
4.0
0.0
2.7
8.0
1.3
4.0
6.7
11.3
22.7
10.0
21.3
21.3
21.3
28.0
9.3
20.7
31.3
33.3
35.3
38.7
34.7
48.7
38.7
42.7
46.0
45.3
40.7
36.0
42.7
56.0
42.0
54.7
48.0
65.3
54.7
46.7
62.0
56.7
52.0
55.3
56.0
58.0
63.3
66.0
60.0
68.7
58.0
64.7
66.7
58.7
68.7
Time taken: 8.12
saavedra@saavedra-To-be-filled-by-O-E-M:~/Documentos/CODES/paralelo/CUDA/ga-rwa-ufpa/c_ga_rwa_serial_ipe2$ ./sim_rwa 
0.0
0.0
0.0
0.0
0.0
0.0
0.0
0.0
0.0
0.0
0.0
0.0
0.0
0.0
3.3
0.0
0.0
2.0
5.3
1.3
12.7
14.7
16.7
10.0
17.3
34.0
22.7
18.0
10.7
27.3
40.0
30.0
40.7
42.0
36.0
49.3
41.3
42.0
39.3
41.3
52.0
58.7
61.3
55.3
40.0
47.3
62.7
50.0
58.0
57.3
63.3
64.0
62.0
52.7
73.3
66.7
55.3
54.0
62.7
45.3
64.7
50.0
60.0
66.7
Time taken: 8.19
saavedra@saavedra-To-be-filled-by-O-E-M:~/Documentos/CODES/paralelo/CUDA/ga-rwa-ufpa/c_ga_rwa_serial_ipe2$ ./sim_rwa 
0.0
0.0
0.0
0.0
0.0
0.0
0.0
0.0
0.0
0.0
0.0
1.3
0.0
3.3
0.0
0.0
16.0
6.0
11.3
4.0
4.7
8.0
7.3
19.3
16.0
26.7
40.7
32.7
32.7
42.0
44.0
30.0
44.7
37.3
38.7
52.0
49.3
44.7
44.0
48.0
46.7
49.3
53.3
46.7
62.7
58.0
42.7
48.0
65.3
57.3
67.3
58.0
70.7
57.3
62.0
54.7
64.7
72.0
68.7
64.7
64.0
66.7
61.3
65.3
Time taken: 7.73
saavedra@saavedra-To-be-filled-by-O-E-M:~/Documentos/CODES/paralelo/CUDA/ga-rwa-ufpa/c_ga_rwa_serial_ipe2$ ./sim_rwa 
0.0
0.0
0.0
0.0
0.0
0.0
0.0
0.0
0.0
0.7
2.7
1.3
4.0
8.7
5.3
4.0
15.3
11.3
7.3
22.0
12.7
16.0
20.7
21.3
28.7
32.7
21.3
33.3
42.7
42.7
40.7
55.3
41.3
42.0
50.0
40.7
49.3
49.3
53.3
53.3
53.3
44.7
39.3
65.3
50.7
59.3
52.7
53.3
52.7
56.7
59.3
72.0
71.3
68.7
61.3
75.3
68.0
67.3
68.0
61.3
74.0
62.7
64.0
70.0
Time taken: 7.92
saavedra@saavedra-To-be-filled-by-O-E-M:~/Documentos/CODES/paralelo/CUDA/ga-rwa-ufpa/c_ga_rwa_serial_ipe2$ ./sim_rwa 
0.0
0.0
0.0
0.0
0.0
0.0
0.0
0.0
0.0
0.0
0.0
1.3
0.7
3.3
2.0
5.3
1.3
12.7
17.3
25.3
28.7
16.7
18.7
21.3
30.0
41.3
37.3
42.0
34.7
37.3
42.0
38.0
39.3
57.3
54.7
54.0
38.0
37.3
43.3
42.7
32.7
51.3
54.0
52.0
50.0
64.0
60.0
54.7
55.3
66.0
57.3
61.3
66.7
61.3
65.3
67.3
70.0
50.0
70.7
62.0
74.7
64.0
72.0
64.7
Time taken: 7.78
saavedra@saavedra-To-be-filled-by-O-E-M:~/Documentos/CODES/paralelo/CUDA/ga-rwa-ufpa/c_ga_rwa_serial_ipe2$ ./sim_rwa 
0.7
0.0
0.0
0.0
0.0
0.0
0.0
0.0
0.0
0.0
0.0
1.3
0.7
0.7
3.3
0.0
3.3
1.3
11.3
12.7
12.7
13.3
24.0
16.0
15.3
41.3
42.0
26.7
34.0
37.3
32.7
34.7
30.0
39.3
44.0
44.7
37.3
50.7
45.3
46.0
40.7
48.7
52.7
49.3
60.7
55.3
59.3
63.3
52.0
52.7
61.3
62.7
58.7
68.0
57.3
65.3
68.0
73.3
62.0
68.7
68.0
73.3
70.7
70.7
Time taken: 7.79
saavedra@saavedra-To-be-filled-by-O-E-M:~/Documentos/CODES/paralelo/CUDA/ga-rwa-ufpa/c_ga_rwa_serial_ipe2$ ./sim_rwa 
0.0
0.0
0.0
0.0
0.0
0.0
0.0
0.0
0.0
0.0
0.0
0.7
0.0
0.0
0.0
2.0
1.3
3.3
6.7
5.3
10.0
9.3
18.0
16.0
30.7
14.0
18.0
29.3
26.0
18.0
32.0
36.7
33.3
40.0
30.7
30.7
41.3
53.3
55.3
45.3
56.0
43.3
58.0
44.7
46.0
37.3
50.0
54.0
51.3
66.7
49.3
56.7
44.7
52.7
50.0
62.7
62.0
53.3
63.3
64.7
67.3
63.3
57.3
54.7
Time taken: 7.99
saavedra@saavedra-To-be-filled-by-O-E-M:~/Documentos/CODES/paralelo/CUDA/ga-rwa-ufpa/c_ga_rwa_serial_ipe2$ ./sim_rwa 
0.0
0.0
0.0
0.0
0.0
0.0
0.0
0.0
0.7
0.7
1.3
1.3
3.3
2.0
6.0
13.3
14.0
4.7
18.0
22.7
20.0
22.0
27.3
22.7
32.7
36.0
42.7
32.0
52.0
39.3
38.7
41.3
42.7
49.3
46.7
42.7
43.3
50.7
54.7
48.0
46.0
54.0
55.3
60.0
58.7
60.0
61.3
53.3
62.0
64.7
60.0
64.0
72.0
63.3
62.7
68.0
73.3
65.3
59.3
60.7
62.7
63.3
72.0
72.7
Time taken: 7.44
saavedra@saavedra-To-be-filled-by-O-E-M:~/Documentos/CODES/paralelo/CUDA/ga-rwa-ufpa/c_ga_rwa_serial_ipe2$ ./sim_rwa 
0.0
0.0
0.0
0.0
0.0
0.0
0.0
2.0
0.0
0.0
6.0
2.7
7.3
7.3
4.7
7.3
10.7
24.0
14.7
19.3
38.0
31.3
38.0
31.3
31.3
52.7
36.0
36.7
42.0
37.3
47.3
44.7
52.0
52.0
59.3
58.7
56.0
50.0
52.7
64.7
46.0
52.0
62.7
58.0
72.0
59.3
70.7
62.7
76.0
69.3
69.3
62.0
66.7
62.0
72.0
62.7
78.0
71.3
70.0
68.0
64.7
71.3
68.7
79.3
Time taken: 7.48
saavedra@saavedra-To-be-filled-by-O-E-M:~/Documentos/CODES/paralelo/CUDA/ga-rwa-ufpa/c_ga_rwa_serial_ipe2$ ./sim_rwa 
0.0
0.0
0.0
0.0
0.0
0.0
0.0
0.0
0.0
0.0
0.0
0.0
0.0
0.0
2.7
2.7
0.7
3.3
15.3
0.0
6.7
13.3
28.0
28.7
8.7
30.0
26.7
34.7
20.0
24.7
36.0
32.0
28.0
34.0
49.3
49.3
37.3
45.3
40.7
44.7
53.3
41.3
50.7
44.0
44.0
53.3
52.7
56.0
42.7
54.0
60.0
61.3
64.7
57.3
60.7
55.3
55.3
68.7
60.0
59.3
71.3
71.3
58.7
71.3
Time taken: 8.35
saavedra@saavedra-To-be-filled-by-O-E-M:~/Documentos/CODES/paralelo/CUDA/ga-rwa-ufpa/c_ga_rwa_serial_ipe2$ ./sim_rwa 
0.0
0.0
0.0
0.0
0.0
0.0
0.0
0.0
0.0
0.0
0.0
1.3
0.0
4.7
2.0
3.3
7.3
6.0
8.7
15.3
11.3
9.3
21.3
26.0
32.7
28.7
34.0
28.7
28.0
36.7
48.0
38.7
43.3
24.7
49.3
40.7
38.0
51.3
41.3
53.3
49.3
48.0
52.0
50.0
64.7
64.0
51.3
61.3
54.0
54.7
60.0
62.7
60.7
60.0
57.3
65.3
60.7
60.0
62.0
68.7
68.0
68.0
62.0
69.3
Time taken: 7.60
saavedra@saavedra-To-be-filled-by-O-E-M:~/Documentos/CODES/paralelo/CUDA/ga-rwa-ufpa/c_ga_rwa_serial_ipe2$ ./sim_rwa 
0.0
0.0
0.0
0.0
0.0
0.0
0.7
0.0
2.7
10.0
5.3
3.3
2.7
9.3
12.7
20.0
20.0
19.3
28.0
26.7
24.0
32.0
24.7
28.0
34.0
26.7
42.7
31.3
44.7
54.7
41.3
55.3
52.7
62.0
53.3
52.7
49.3
59.3
69.3
58.0
52.0
60.7
55.3
57.3
68.0
61.3
64.0
64.0
62.0
66.0
70.0
62.7
68.7
64.0
70.7
71.3
76.0
70.0
60.0
74.7
74.0
70.7
74.7
70.0
Time taken: 7.56
saavedra@saavedra-To-be-filled-by-O-E-M:~/Documentos/CODES/paralelo/CUDA/ga-rwa-ufpa/c_ga_rwa_serial_ipe2$ ./sim_rwa 
0.0
0.0
0.0
0.0
0.0
0.0
0.0
0.0
0.0
0.0
0.0
0.0
1.3
0.0
10.7
6.0
13.3
8.7
4.7
11.3
8.0
20.7
19.3
14.0
38.0
30.7
26.7
21.3
37.3
37.3
37.3
46.7
44.0
24.0
38.0
44.0
40.7
43.3
52.0
50.0
40.7
53.3
37.3
56.0
50.0
61.3
64.0
50.0
61.3
65.3
58.0
54.7
63.3
66.7
63.3
66.7
69.3
64.0
64.0
61.3
56.0
56.0
68.0
66.0
Time taken: 7.97
saavedra@saavedra-To-be-filled-by-O-E-M:~/Documentos/CODES/paralelo/CUDA/ga-rwa-ufpa/c_ga_rwa_serial_ipe2$ ./sim_rwa 
0.0
0.0
0.0
0.0
0.0
0.0
0.0
0.0
0.0
0.0
0.0
0.0
0.7
0.0
6.7
6.7
8.0
5.3
14.0
6.0
20.7
24.7
17.3
12.0
29.3
24.0
20.7
32.0
22.7
18.7
34.0
32.7
42.7
44.7
46.7
37.3
38.7
44.7
47.3
53.3
47.3
48.7
56.0
55.3
54.0
48.0
58.0
58.0
68.0
62.0
62.7
62.7
59.3
65.3
63.3
58.7
68.7
58.7
64.7
66.7
60.7
72.0
70.0
68.7
Time taken: 7.71
saavedra@saavedra-To-be-filled-by-O-E-M:~/Documentos/CODES/paralelo/CUDA/ga-rwa-ufpa/c_ga_rwa_serial_ipe2$ ./sim_rwa 
0.0
0.0
0.0
0.0
0.0
0.0
0.0
0.0
0.0
0.0
0.0
0.7
3.3
5.3
4.0
4.0
2.0
21.3
12.7
18.0
16.0
26.7
33.3
38.7
26.0
30.7
57.3
44.7
48.7
48.7
42.0
44.7
42.7
36.7
56.0
49.3
50.0
61.3
61.3
63.3
56.7
64.0
57.3
56.7
62.0
64.7
70.0
60.0
61.3
69.3
66.7
70.0
71.3
58.7
74.7
65.3
66.0
78.0
78.0
64.7
66.7
65.3
68.7
77.3
Time taken: 7.48
saavedra@saavedra-To-be-filled-by-O-E-M:~/Documentos/CODES/paralelo/CUDA/ga-rwa-ufpa/c_ga_rwa_serial_ipe2$ ./sim_rwa 
0.0
0.0
0.0
0.0
0.0
0.0
0.0
0.0
0.0
0.0
0.0
0.0
0.7
5.3
4.0
2.7
8.7
8.7
11.3
8.7
18.0
16.0
32.0
18.7
26.7
34.0
39.3
37.3
35.3
28.7
42.7
45.3
35.3
42.0
40.0
52.0
45.3
48.7
52.7
35.3
60.7
52.0
57.3
67.3
58.0
54.0
52.0
51.3
43.3
65.3
63.3
57.3
60.7
61.3
62.7
76.0
66.0
60.0
72.7
67.3
68.7
65.3
70.0
71.3
Time taken: 7.61
saavedra@saavedra-To-be-filled-by-O-E-M:~/Documentos/CODES/paralelo/CUDA/ga-rwa-ufpa/c_ga_rwa_serial_ipe2$ ./sim_rwa 
0.0
0.0
0.0
0.0
0.0
0.0
0.0
0.0
0.0
0.0
0.0
0.0
0.0
0.7
0.0
1.3
4.0
6.0
3.3
14.0
13.3
11.3
9.3
24.7
16.0
21.3
14.7
28.7
34.7
30.0
40.0
31.3
42.7
27.3
42.7
43.3
46.0
46.0
31.3
42.7
48.7
32.0
48.0
59.3
58.0
61.3
50.0
62.7
58.7
53.3
62.7
63.3
61.3
67.3
62.0
62.7
63.3
65.3
58.7
73.3
62.7
64.0
71.3
65.3
Time taken: 7.79
saavedra@saavedra-To-be-filled-by-O-E-M:~/Documentos/CODES/paralelo/CUDA/ga-rwa-ufpa/c_ga_rwa_serial_ipe2$ ./sim_rwa 
0.0
0.0
0.0
0.0
0.0
0.0
0.0
0.0
0.0
0.0
0.0
0.7
0.0
0.7
6.0
0.7
4.0
11.3
10.7
13.3
9.3
16.7
15.3
18.7
22.0
20.0
26.7
44.7
36.0
30.7
36.0
36.7
25.3
37.3
46.0
46.7
30.7
40.0
48.7
42.7
58.0
44.7
61.3
61.3
42.7
58.0
55.3
59.3
64.7
60.0
60.7
60.7
63.3
60.7
52.7
64.0
69.3
68.0
58.7
68.0
66.0
68.0
74.7
60.7
Time taken: 7.82
saavedra@saavedra-To-be-filled-by-O-E-M:~/Documentos/CODES/paralelo/CUDA/ga-rwa-ufpa/c_ga_rwa_serial_ipe2$ ./sim_rwa 
0.0
0.0
0.0
0.0
0.0
0.0
0.0
0.0
0.0
0.0
0.0
0.0
0.0
0.0
0.7
6.0
6.7
4.7
11.3
6.0
12.7
24.7
16.7
8.0
12.0
16.0
28.0
24.0
13.3
26.0
33.3
35.3
40.0
41.3
44.7
48.7
43.3
48.7
54.7
36.7
53.3
60.7
55.3
50.7
50.7
53.3
56.7
60.0
56.7
58.7
63.3
63.3
64.0
62.0
59.3
59.3
62.0
60.0
66.0
66.0
60.7
62.7
68.7
69.3
Time taken: 7.84
saavedra@saavedra-To-be-filled-by-O-E-M:~/Documentos/CODES/paralelo/CUDA/ga-rwa-ufpa/c_ga_rwa_serial_ipe2$ ./sim_rwa 
0.7
0.0
0.0
0.0
0.0
0.0
0.0
0.0
0.0
0.0
0.0
1.3
0.0
4.7
1.3
5.3
0.7
6.7
5.3
4.7
21.3
15.3
7.3
16.0
22.7
16.7
26.7
26.0
24.0
43.3
36.7
43.3
48.0
49.3
38.0
46.7
32.0
35.3
45.3
46.0
52.7
50.0
44.0
56.7
46.7
48.7
50.7
58.0
56.7
70.0
56.0
76.0
66.7
63.3
64.0
69.3
64.0
48.0
63.3
66.7
63.3
64.7
64.0
69.3
Time taken: 8.07
saavedra@saavedra-To-be-filled-by-O-E-M:~/Documentos/CODES/paralelo/CUDA/ga-rwa-ufpa/c_ga_rwa_serial_ipe2$ ./sim_rwa 
0.0
0.0
0.0
0.0
0.0
0.0
0.0
0.0
0.0
0.0
0.0
0.0
2.7
4.7
3.3
5.3
9.3
10.0
10.7
5.3
6.7
20.0
15.3
28.7
28.0
27.3
27.3
23.3
29.3
26.0
48.7
45.3
30.7
46.7
45.3
29.3
49.3
42.0
54.0
44.0
54.0
56.0
50.7
60.7
52.7
50.0
68.7
58.0
60.0
59.3
58.0
52.0
69.3
65.3
63.3
59.3
64.7
74.7
68.7
65.3
64.7
67.3
65.3
72.7
Time taken: 7.72
saavedra@saavedra-To-be-filled-by-O-E-M:~/Documentos/CODES/paralelo/CUDA/ga-rwa-ufpa/c_ga_rwa_serial_ipe2$ ./sim_rwa 
0.0
0.0
0.0
0.0
0.0
0.0
2.0
6.7
4.7
8.0
8.7
17.3
30.0
22.7
24.7
34.0
38.0
33.3
42.0
34.0
45.3
52.0
44.0
51.3
52.7
54.7
54.7
64.0
52.7
63.3
51.3
52.0
55.3
48.0
66.0
60.0
68.0
69.3
62.0
69.3
66.7
74.0
61.3
67.3
76.0
72.0
74.0
70.7
72.7
71.3
80.0
72.0
72.0
68.7
72.7
81.3
78.7
74.7
81.3
77.3
86.7
75.3
70.7
78.7
Time taken: 7.28
saavedra@saavedra-To-be-filled-by-O-E-M:~/Documentos/CODES/paralelo/CUDA/ga-rwa-ufpa/c_ga_rwa_serial_ipe2$ ./sim_rwa 
0.0
0.0
0.0
0.0
0.0
0.0
0.0
0.0
0.0
0.0
0.0
0.0
2.7
2.0
0.0
9.3
13.3
7.3
8.7
11.3
22.7
26.0
22.0
26.0
18.7
20.0
32.7
29.3
31.3
26.0
28.0
41.3
48.7
37.3
40.7
50.7
38.7
42.7
41.3
50.7
58.0
57.3
38.7
55.3
56.0
49.3
44.0
63.3
58.0
58.7
60.0
56.7
62.0
56.0
67.3
62.7
72.7
64.7
72.0
60.7
51.3
68.7
68.7
60.0
Time taken: 7.87

