saavedra@saavedra-To-be-filled-by-O-E-M:~/Documentos/CODES/paralelo/CUDA/ga-rwa-ufpa/c_ga_rwa_serial_ipe2$ ./sim_rwa 
0.0
0.0
0.0
0.0
0.0
0.0
0.0
0.0
0.0
0.0
0.0
0.0
0.0
0.0
0.0
0.0
0.0
0.0
0.0
0.0
0.0
0.0
0.0
0.0
0.0
0.0
0.0
0.0
0.0
8.7
2.7
0.0
4.0
0.0
0.0
2.7
22.0
17.3
0.7
4.7
12.7
22.0
15.3
23.3
10.0
12.7
25.3
27.3
26.7
30.0
28.0
18.0
21.3
32.0
20.0
18.0
24.7
34.7
32.7
22.0
22.0
45.3
56.0
42.7
Time taken: 14.44
saavedra@saavedra-To-be-filled-by-O-E-M:~/Documentos/CODES/paralelo/CUDA/ga-rwa-ufpa/c_ga_rwa_serial_ipe2$ ./sim_rwa 
0.0
0.0
0.0
0.0
0.0
0.0
0.0
0.0
0.0
0.0
0.0
0.0
0.0
0.0
0.0
0.0
0.0
0.0
0.0
0.0
0.0
0.0
0.7
0.0
0.0
4.0
2.0
3.3
6.0
6.7
11.3
24.7
1.3
8.0
10.7
3.3
2.7
13.3
15.3
22.7
32.7
23.3
16.0
30.7
36.0
34.7
28.0
30.0
28.0
33.3
33.3
40.0
46.0
30.0
45.3
44.7
36.7
40.0
44.7
45.3
46.0
33.3
48.7
41.3
Time taken: 12.95
saavedra@saavedra-To-be-filled-by-O-E-M:~/Documentos/CODES/paralelo/CUDA/ga-rwa-ufpa/c_ga_rwa_serial_ipe2$ ./sim_rwa 
0.0
0.0
0.0
0.0
0.0
0.0
0.0
0.0
0.0
0.0
0.0
0.0
0.0
0.0
0.0
0.0
0.0
0.0
0.0
0.0
0.0
0.0
0.0
0.0
0.0
0.0
0.0
0.0
0.0
0.0
0.0
0.0
2.0
0.0
2.7
0.0
9.3
0.7
1.3
7.3
10.7
21.3
8.7
12.0
16.7
17.3
18.0
26.7
11.3
24.7
21.3
12.7
25.3
31.3
44.7
19.3
30.7
40.7
41.3
40.0
33.3
38.7
55.3
40.7
Time taken: 14.06
saavedra@saavedra-To-be-filled-by-O-E-M:~/Documentos/CODES/paralelo/CUDA/ga-rwa-ufpa/c_ga_rwa_serial_ipe2$ ./sim_rwa 
0.0
0.0
0.0
0.0
0.0
0.0
0.0
0.0
0.0
0.0
0.0
0.0
0.0
0.0
0.0
0.0
0.0
0.0
0.0
0.0
0.0
0.0
0.0
0.0
0.0
0.0
0.0
0.0
0.0
0.0
0.0
0.7
0.7
9.3
2.7
0.7
10.7
15.3
0.7
15.3
5.3
5.3
7.3
10.7
16.0
18.0
18.7
12.0
29.3
34.0
30.7
36.7
31.3
26.7
13.3
40.0
34.0
24.7
36.0
33.3
48.0
37.3
32.7
49.3
Time taken: 14.50
saavedra@saavedra-To-be-filled-by-O-E-M:~/Documentos/CODES/paralelo/CUDA/ga-rwa-ufpa/c_ga_rwa_serial_ipe2$ ./sim_rwa 
0.0
0.0
0.0
0.0
0.0
0.0
0.0
0.0
0.0
0.0
0.0
0.0
0.0
0.0
0.0
0.0
0.0
0.0
0.0
0.0
2.0
2.0
4.7
2.0
9.3
6.0
16.0
28.0
31.3
6.0
11.3
18.0
20.7
18.7
12.0
24.7
22.7
18.7
35.3
41.3
23.3
40.0
52.0
48.0
41.3
28.0
44.0
46.7
42.7
49.3
48.0
41.3
55.3
37.3
58.7
52.7
52.7
61.3
54.0
53.3
48.7
49.3
59.3
64.7
Time taken: 12.70
saavedra@saavedra-To-be-filled-by-O-E-M:~/Documentos/CODES/paralelo/CUDA/ga-rwa-ufpa/c_ga_rwa_serial_ipe2$ ./sim_rwa 
0.0
0.0
0.0
0.0
0.0
0.0
0.0
0.0
0.0
0.0
0.0
0.0
0.0
0.0
0.0
0.0
0.0
0.0
0.0
0.0
0.0
0.0
0.0
0.0
4.0
0.0
0.7
0.7
1.3
1.3
0.0
2.7
8.0
2.0
11.3
6.0
4.7
15.3
3.3
10.0
18.0
14.0
18.0
16.0
25.3
23.3
31.3
32.0
20.0
36.7
39.3
18.0
30.7
34.0
37.3
44.7
26.7
44.7
29.3
34.0
34.7
30.0
50.0
32.0
Time taken: 13.64
saavedra@saavedra-To-be-filled-by-O-E-M:~/Documentos/CODES/paralelo/CUDA/ga-rwa-ufpa/c_ga_rwa_serial_ipe2$ ./sim_rwa 
0.0
0.0
0.0
0.0
0.0
0.0
0.0
0.0
0.0
0.0
0.0
0.0
0.0
0.0
0.0
0.0
0.0
0.0
0.0
0.0
0.0
0.0
0.0
0.0
0.0
0.0
0.0
0.0
0.0
0.7
0.0
2.0
0.0
0.0
8.7
0.7
7.3
9.3
2.7
10.7
12.7
9.3
18.0
30.7
15.3
15.3
17.3
24.0
25.3
36.7
29.3
19.3
27.3
40.7
38.0
29.3
24.0
32.7
18.0
33.3
24.7
28.7
30.7
26.7
Time taken: 13.61
saavedra@saavedra-To-be-filled-by-O-E-M:~/Documentos/CODES/paralelo/CUDA/ga-rwa-ufpa/c_ga_rwa_serial_ipe2$ ./sim_rwa 
0.0
0.0
0.0
0.0
0.0
0.0
0.0
0.0
0.0
0.0
0.0
0.0
0.0
0.0
0.0
0.0
0.0
0.0
0.0
0.0
0.0
0.0
0.0
0.0
0.0
0.0
0.0
0.0
0.0
0.7
0.0
4.0
0.7
6.0
5.3
12.7
7.3
3.3
1.3
12.0
12.7
4.0
16.0
23.3
13.3
12.0
19.3
19.3
26.0
29.3
17.3
30.7
30.0
20.7
34.0
32.7
37.3
38.7
31.3
36.0
36.0
36.7
50.7
54.0
Time taken: 13.93
saavedra@saavedra-To-be-filled-by-O-E-M:~/Documentos/CODES/paralelo/CUDA/ga-rwa-ufpa/c_ga_rwa_serial_ipe2$ ./sim_rwa 
0.0
0.0
0.0
0.0
0.0
0.0
0.0
0.0
0.0
0.0
0.0
0.0
0.0
0.0
0.0
0.0
0.0
0.0
0.0
0.0
0.0
0.0
0.0
0.0
0.0
0.0
0.7
0.0
0.0
0.0
0.7
2.7
0.0
0.0
0.0
0.0
0.7
2.7
7.3
2.7
0.7
3.3
18.0
6.0
11.3
13.3
15.3
29.3
23.3
24.7
26.0
10.7
16.7
23.3
16.0
14.0
25.3
38.0
26.0
26.7
28.0
29.3
30.7
28.0
Time taken: 14.28
saavedra@saavedra-To-be-filled-by-O-E-M:~/Documentos/CODES/paralelo/CUDA/ga-rwa-ufpa/c_ga_rwa_serial_ipe2$ ./sim_rwa 
0.0
0.0
0.0
0.0
0.0
0.0
0.0
0.0
0.0
0.0
0.0
0.0
0.0
0.0
0.0
0.0
0.0
0.0
0.0
0.0
0.0
0.0
0.0
0.0
0.0
0.0
0.0
0.0
0.0
0.0
0.0
0.7
0.0
0.0
0.0
0.0
2.7
8.7
11.3
6.0
4.0
14.7
7.3
1.3
15.3
4.7
17.3
17.3
12.7
24.7
23.3
10.7
24.0
30.0
27.3
30.7
26.7
24.7
30.7
19.3
25.3
34.0
39.3
28.7
Time taken: 14.01
saavedra@saavedra-To-be-filled-by-O-E-M:~/Documentos/CODES/paralelo/CUDA/ga-rwa-ufpa/c_ga_rwa_serial_ipe2$ ./sim_rwa 
0.0
0.0
0.0
0.0
0.0
0.0
0.0
0.0
0.0
0.0
0.0
0.0
0.0
0.0
0.0
0.0
0.0
0.0
0.0
0.0
0.0
0.0
0.0
0.0
0.0
0.0
0.0
0.0
0.0
2.7
0.0
1.3
1.3
0.0
0.0
0.0
8.7
3.3
2.7
5.3
12.0
16.7
5.3
8.7
23.3
8.7
41.3
27.3
29.3
26.0
24.0
24.7
24.0
30.0
24.7
33.3
38.0
33.3
30.7
34.0
42.7
34.0
34.7
50.0
Time taken: 14.34
saavedra@saavedra-To-be-filled-by-O-E-M:~/Documentos/CODES/paralelo/CUDA/ga-rwa-ufpa/c_ga_rwa_serial_ipe2$ ./sim_rwa 
0.0
0.0
0.0
0.0
0.0
0.0
0.0
0.0
0.0
0.0
0.0
0.0
0.0
0.0
0.0
0.0
0.0
0.0
0.0
0.0
0.0
0.0
0.0
0.0
0.0
3.3
0.0
0.0
0.7
0.0
0.0
0.7
5.3
4.0
2.0
16.7
0.0
12.7
7.3
22.7
16.7
0.7
14.7
17.3
11.3
22.7
35.3
24.7
20.0
23.3
30.7
40.7
30.7
39.3
29.3
36.7
36.0
40.7
32.7
30.7
23.3
32.0
50.0
28.0
Time taken: 13.65
saavedra@saavedra-To-be-filled-by-O-E-M:~/Documentos/CODES/paralelo/CUDA/ga-rwa-ufpa/c_ga_rwa_serial_ipe2$ ./sim_rwa 
0.0
0.0
0.0
0.0
0.0
0.0
0.0
0.0
0.0
0.0
0.0
0.0
0.0
0.0
0.0
0.0
0.0
0.0
0.0
0.0
0.0
0.0
0.0
0.0
0.0
0.0
0.0
0.0
0.0
0.0
0.0
0.0
0.0
0.0
3.3
3.3
0.7
6.0
0.0
1.3
12.7
6.0
0.7
9.3
14.7
12.0
16.7
6.0
3.3
8.7
7.3
16.0
15.3
14.0
33.3
22.7
13.3
35.3
18.7
24.7
33.3
38.7
18.0
31.3
Time taken: 14.42
saavedra@saavedra-To-be-filled-by-O-E-M:~/Documentos/CODES/paralelo/CUDA/ga-rwa-ufpa/c_ga_rwa_serial_ipe2$ ./sim_rwa 
0.0
0.0
0.0
0.0
0.0
0.0
0.0
0.0
0.0
0.0
0.0
0.0
0.0
0.0
0.0
0.0
0.0
0.0
0.0
0.0
0.0
0.0
0.0
0.0
0.0
0.0
0.0
0.0
0.0
0.0
0.0
0.0
0.0
2.7
0.0
6.7
3.3
4.0
1.3
6.0
18.0
6.0
2.0
14.0
14.7
35.3
30.0
10.0
13.3
23.3
12.7
20.7
25.3
26.7
8.0
14.0
17.3
30.0
25.3
17.3
30.0
27.3
26.0
35.3
Time taken: 14.63
saavedra@saavedra-To-be-filled-by-O-E-M:~/Documentos/CODES/paralelo/CUDA/ga-rwa-ufpa/c_ga_rwa_serial_ipe2$ ./sim_rwa 
0.0
0.0
0.0
0.0
0.0
0.0
0.0
0.0
0.0
0.0
0.0
0.0
0.0
0.0
0.0
0.0
0.0
0.0
0.0
0.0
0.0
0.0
0.0
0.0
0.0
0.0
0.0
0.0
0.0
0.7
0.0
0.0
0.0
0.0
0.0
1.3
11.3
0.7
10.7
3.3
4.0
7.3
28.7
12.7
12.0
11.3
10.7
26.7
11.3
14.0
16.0
19.3
22.0
32.7
30.7
25.3
25.3
44.7
35.3
30.7
22.7
36.7
49.3
41.3
Time taken: 14.85
saavedra@saavedra-To-be-filled-by-O-E-M:~/Documentos/CODES/paralelo/CUDA/ga-rwa-ufpa/c_ga_rwa_serial_ipe2$ ./sim_rwa 
0.0
0.0
0.0
0.0
0.0
0.0
0.0
0.0
0.0
0.0
0.0
0.0
0.0
0.0
0.0
0.0
0.0
0.0
0.0
0.0
0.0
0.0
0.0
0.0
0.0
0.0
0.0
0.0
0.7
0.7
4.0
0.0
2.0
0.7
0.7
1.3
0.0
4.0
3.3
9.3
6.0
5.3
19.3
9.3
12.0
16.0
20.7
16.0
32.0
23.3
16.7
25.3
22.7
19.3
25.3
40.0
36.0
30.0
36.7
25.3
24.7
46.0
45.3
56.0
Time taken: 15.22
saavedra@saavedra-To-be-filled-by-O-E-M:~/Documentos/CODES/paralelo/CUDA/ga-rwa-ufpa/c_ga_rwa_serial_ipe2$ ./sim_rwa 
0.0
0.0
0.0
0.0
0.0
0.0
0.0
0.0
0.0
0.0
0.0
0.0
0.0
0.0
0.0
0.0
0.0
0.0
0.0
0.0
0.0
0.7
0.0
0.0
2.7
1.3
7.3
4.0
10.0
4.7
6.0
6.7
6.0
20.0
18.0
6.7
8.7
7.3
16.7
12.7
24.7
14.7
16.7
29.3
23.3
28.0
36.0
26.0
44.0
32.7
46.7
29.3
26.7
30.7
36.7
19.3
45.3
46.7
33.3
42.7
54.0
43.3
40.7
54.0
Time taken: 12.98
saavedra@saavedra-To-be-filled-by-O-E-M:~/Documentos/CODES/paralelo/CUDA/ga-rwa-ufpa/c_ga_rwa_serial_ipe2$ ./sim_rwa 
0.0
0.0
0.0
0.0
0.0
0.0
0.0
0.0
0.0
0.0
0.0
0.0
0.0
0.0
0.0
0.0
0.0
0.0
0.0
0.0
0.0
0.0
0.0
0.0
0.7
0.0
0.0
0.0
0.0
0.0
0.0
2.7
7.3
0.0
3.3
3.3
0.7
4.0
18.0
8.7
16.0
11.3
4.0
20.0
21.3
6.7
20.0
26.7
32.0
14.7
26.0
34.7
28.7
37.3
34.0
31.3
47.3
26.0
42.0
42.0
52.7
50.7
36.7
54.0
Time taken: 13.94
saavedra@saavedra-To-be-filled-by-O-E-M:~/Documentos/CODES/paralelo/CUDA/ga-rwa-ufpa/c_ga_rwa_serial_ipe2$ ./sim_rwa 
0.0
0.0
0.0
0.0
0.0
0.0
0.0
0.0
0.0
0.0
0.0
0.0
0.0
0.0
0.0
0.0
0.0
0.0
0.0
0.0
0.0
0.0
0.0
0.0
0.0
0.0
0.0
0.0
0.7
0.0
0.0
2.0
0.0
6.7
2.7
1.3
9.3
8.0
8.7
10.7
1.3
9.3
8.7
18.7
8.7
23.3
15.3
23.3
17.3
16.0
22.7
26.0
11.3
20.7
31.3
24.0
20.7
37.3
42.7
24.0
38.0
39.3
35.3
40.0
Time taken: 14.63
saavedra@saavedra-To-be-filled-by-O-E-M:~/Documentos/CODES/paralelo/CUDA/ga-rwa-ufpa/c_ga_rwa_serial_ipe2$ ./sim_rwa 
0.0
0.0
0.0
0.0
0.0
0.0
0.0
0.0
0.0
0.0
0.0
0.0
0.0
0.0
0.0
0.0
0.0
0.0
0.0
0.0
0.0
0.7
0.0
0.7
1.3
0.0
1.3
1.3
11.3
4.0
12.7
7.3
13.3
9.3
4.0
18.0
20.0
22.7
24.0
16.7
29.3
44.7
20.0
17.3
39.3
26.0
36.0
40.0
29.3
48.7
29.3
37.3
36.7
31.3
38.0
48.7
45.3
35.3
40.7
37.3
42.0
56.0
40.0
38.7
Time taken: 13.17
saavedra@saavedra-To-be-filled-by-O-E-M:~/Documentos/CODES/paralelo/CUDA/ga-rwa-ufpa/c_ga_rwa_serial_ipe2$ ./sim_rwa 
0.0
0.0
0.0
0.0
0.0
0.0
0.0
0.0
0.0
0.0
0.0
0.0
0.0
0.0
0.0
0.0
0.0
0.0
0.0
0.0
0.0
0.0
0.0
0.7
0.0
0.0
0.0
0.0
9.3
0.0
0.0
2.7
2.7
0.0
0.0
0.0
4.7
0.0
0.7
4.7
5.3
18.0
22.7
9.3
23.3
20.0
16.0
7.3
18.0
26.7
24.0
14.0
31.3
26.7
24.7
27.3
40.0
34.0
26.0
34.0
30.7
32.0
42.7
37.3
Time taken: 13.78
saavedra@saavedra-To-be-filled-by-O-E-M:~/Documentos/CODES/paralelo/CUDA/ga-rwa-ufpa/c_ga_rwa_serial_ipe2$ ./sim_rwa 
0.0
0.0
0.0
0.0
0.0
0.0
0.0
0.0
0.0
0.0
0.0
0.0
0.0
0.0
0.0
0.0
0.0
0.0
0.0
0.0
0.0
2.0
0.0
2.7
2.0
0.7
2.7
0.0
5.3
0.0
4.0
20.7
2.0
2.0
3.3
17.3
20.7
12.0
11.3
3.3
8.0
12.7
26.0
25.3
25.3
22.0
28.7
24.0
28.7
18.0
32.7
42.0
37.3
26.7
47.3
26.0
43.3
44.7
45.3
46.7
34.7
50.0
38.7
48.7
Time taken: 13.52
saavedra@saavedra-To-be-filled-by-O-E-M:~/Documentos/CODES/paralelo/CUDA/ga-rwa-ufpa/c_ga_rwa_serial_ipe2$ ./sim_rwa 
0.0
0.0
0.0
0.0
0.0
0.0
0.0
0.0
0.0
0.0
0.0
0.0
0.0
0.0
0.0
0.0
0.0
0.0
0.0
0.0
0.0
0.0
0.0
0.0
0.0
0.0
0.0
0.0
0.0
0.0
0.0
0.0
4.7
7.3
0.0
2.0
2.7
3.3
9.3
2.0
14.0
10.0
10.7
2.7
8.7
6.0
14.7
16.0
9.3
22.7
30.7
12.0
23.3
16.0
41.3
30.0
24.0
33.3
30.0
24.7
12.7
30.7
35.3
30.7
Time taken: 14.54
saavedra@saavedra-To-be-filled-by-O-E-M:~/Documentos/CODES/paralelo/CUDA/ga-rwa-ufpa/c_ga_rwa_serial_ipe2$ ./sim_rwa 
0.0
0.0
0.0
0.0
0.0
0.0
0.0
0.0
0.0
0.0
0.0
0.0
0.0
0.0
0.0
0.0
0.0
0.0
0.0
0.0
0.0
0.0
0.0
0.0
0.0
4.0
0.0
0.7
0.0
6.0
0.0
0.0
1.3
0.0
0.0
0.0
0.7
0.0
9.3
13.3
17.3
6.0
14.0
29.3
18.7
18.0
14.0
14.0
22.7
31.3
22.7
19.3
26.7
36.0
27.3
21.3
36.0
47.3
44.7
18.7
34.0
38.0
32.0
36.7
Time taken: 13.89
saavedra@saavedra-To-be-filled-by-O-E-M:~/Documentos/CODES/paralelo/CUDA/ga-rwa-ufpa/c_ga_rwa_serial_ipe2$ ./sim_rwa 
0.0
0.0
0.0
0.0
0.0
0.0
0.0
0.0
0.0
0.0
0.0
0.0
0.0
0.0
0.0
0.0
0.0
0.0
0.0
0.0
0.0
0.0
0.0
0.0
0.0
0.0
0.0
0.0
0.0
0.0
0.0
0.0
4.0
0.0
3.3
0.0
0.0
8.0
0.0
0.0
0.0
6.7
4.7
0.0
9.3
10.7
6.7
10.7
16.7
12.0
10.7
17.3
11.3
17.3
19.3
28.7
30.0
34.0
27.3
28.0
23.3
20.7
29.3
36.0
Time taken: 15.12
saavedra@saavedra-To-be-filled-by-O-E-M:~/Documentos/CODES/paralelo/CUDA/ga-rwa-ufpa/c_ga_rwa_serial_ipe2$ ./sim_rwa 
0.0
0.0
0.0
0.0
0.0
0.0
0.0
0.0
0.0
0.0
0.0
0.0
0.0
0.0
0.0
0.0
0.0
0.0
0.0
0.0
0.0
0.0
0.0
0.0
0.0
0.0
0.0
0.0
0.0
0.7
3.3
2.7
12.0
4.0
14.7
1.3
8.7
0.7
6.7
14.7
12.7
13.3
25.3
20.0
18.7
16.7
15.3
30.0
31.3
22.7
11.3
25.3
32.7
32.0
22.7
20.0
42.0
36.0
40.0
36.0
24.7
41.3
30.7
44.0
Time taken: 14.12
saavedra@saavedra-To-be-filled-by-O-E-M:~/Documentos/CODES/paralelo/CUDA/ga-rwa-ufpa/c_ga_rwa_serial_ipe2$ ./sim_rwa 
0.0
0.0
0.0
0.0
0.0
0.0
0.0
0.0
0.0
0.0
0.0
0.0
0.0
0.0
0.0
0.0
0.0
0.0
0.0
0.0
0.0
0.0
0.0
0.0
0.0
0.7
0.0
0.0
0.0
1.3
0.0
1.3
6.7
2.7
2.7
12.0
4.0
8.7
4.0
1.3
7.3
8.0
20.7
18.7
22.7
28.0
30.7
23.3
11.3
36.7
48.0
20.7
25.3
25.3
30.7
24.0
29.3
22.0
30.7
43.3
43.3
32.7
28.7
48.0
Time taken: 14.10
saavedra@saavedra-To-be-filled-by-O-E-M:~/Documentos/CODES/paralelo/CUDA/ga-rwa-ufpa/c_ga_rwa_serial_ipe2$ ./sim_rwa 
0.0
0.0
0.0
0.0
0.0
0.0
0.0
0.0
0.0
0.0
0.0
0.0
0.0
0.0
0.0
0.0
0.0
0.0
0.0
0.0
0.0
0.0
0.0
0.0
0.0
0.7
2.7
0.0
0.0
0.0
1.3
0.0
0.7
4.0
11.3
17.3
3.3
0.7
7.3
11.3
10.0
4.7
11.3
6.7
20.7
18.0
23.3
12.7
23.3
16.7
28.7
19.3
27.3
20.0
22.0
26.0
32.0
33.3
30.7
35.3
32.0
36.0
29.3
42.7
Time taken: 13.90
saavedra@saavedra-To-be-filled-by-O-E-M:~/Documentos/CODES/paralelo/CUDA/ga-rwa-ufpa/c_ga_rwa_serial_ipe2$ ./sim_rwa 
0.0
0.0
0.0
0.0
0.0
0.0
0.0
0.0
0.0
0.0
0.0
0.0
0.0
0.0
0.0
0.0
0.0
0.0
0.0
0.0
0.0
0.0
0.0
0.0
0.0
0.0
0.0
0.0
0.0
0.0
0.0
0.0
2.0
1.3
0.0
0.0
5.3
2.7
8.0
11.3
10.0
8.7
10.7
2.7
7.3
16.7
25.3
16.7
16.0
19.3
12.7
21.3
14.0
25.3
36.0
20.0
22.7
26.0
26.0
38.0
30.7
46.7
24.7
24.7
Time taken: 14.91

