saavedra@saavedra-To-be-filled-by-O-E-M:~/Documentos/CODES/paralelo/CUDA/ga-rwa-ufpa/c_ga_rwa_serial_janet$ ./sim_rwa ; 
0.0
0.0
0.0
0.0
0.0
0.0
0.0
0.0
0.0
0.0
0.0
2.0
3.3
4.0
2.0
8.7
6.0
3.3
5.3
7.3
20.7
36.0
20.7
19.3
32.7
27.3
35.3
32.0
36.7
37.3
41.3
38.7
43.3
51.3
45.3
47.3
55.3
50.0
50.7
54.7
51.3
64.7
59.3
57.3
62.7
66.7
64.7
58.7
63.3
61.3
70.0
70.0
66.0
74.0
67.3
68.0
74.0
74.7
71.3
70.7
62.7
66.0
72.0
66.0
Time taken: 8.11
saavedra@saavedra-To-be-filled-by-O-E-M:~/Documentos/CODES/paralelo/CUDA/ga-rwa-ufpa/c_ga_rwa_serial_janet$ ./sim_rwa ; 
0.0
0.0
0.0
0.0
0.0
0.0
0.0
0.0
0.0
0.0
0.0
3.3
2.7
1.3
9.3
4.7
15.3
19.3
15.3
5.3
18.7
11.3
15.3
29.3
30.0
46.0
40.0
36.7
33.3
30.7
43.3
40.0
48.0
56.0
45.3
42.7
69.3
45.3
49.3
58.7
63.3
47.3
69.3
58.0
46.0
66.0
60.0
60.7
67.3
62.0
68.7
55.3
68.7
68.7
70.0
72.0
73.3
64.0
64.7
72.0
73.3
73.3
57.3
70.0
Time taken: 8.20
saavedra@saavedra-To-be-filled-by-O-E-M:~/Documentos/CODES/paralelo/CUDA/ga-rwa-ufpa/c_ga_rwa_serial_janet$ ./sim_rwa ; 
0.0
0.0
0.0
0.0
0.0
0.0
0.0
0.0
0.0
0.0
0.0
0.0
7.3
0.0
5.3
4.7
13.3
12.0
18.7
15.3
24.0
26.0
32.0
23.3
39.3
26.0
21.3
45.3
40.0
40.0
24.7
42.7
55.3
47.3
47.3
43.3
45.3
41.3
46.0
53.3
70.0
56.7
50.0
58.0
66.7
49.3
62.7
70.7
70.7
62.7
66.7
62.7
76.7
60.7
71.3
64.0
60.0
78.7
69.3
70.0
68.7
79.3
70.0
73.3
Time taken: 8.17
saavedra@saavedra-To-be-filled-by-O-E-M:~/Documentos/CODES/paralelo/CUDA/ga-rwa-ufpa/c_ga_rwa_serial_janet$ ./sim_rwa ; 
0.0
0.0
0.0
0.0
0.0
0.0
0.0
0.0
0.0
0.0
0.0
0.0
2.7
2.0
10.0
10.7
8.0
9.3
2.7
18.0
16.0
22.7
25.3
27.3
36.0
40.7
40.0
32.0
50.7
50.7
40.7
52.0
47.3
44.7
52.7
55.3
40.7
56.0
60.0
50.0
64.7
48.0
46.7
58.7
60.7
48.7
71.3
64.0
52.7
66.0
64.0
61.3
63.3
77.3
65.3
71.3
74.7
64.7
74.0
73.3
70.0
61.3
73.3
67.3
Time taken: 8.20
saavedra@saavedra-To-be-filled-by-O-E-M:~/Documentos/CODES/paralelo/CUDA/ga-rwa-ufpa/c_ga_rwa_serial_janet$ ./sim_rwa ; 
0.0
0.0
0.0
0.0
0.0
0.0
0.0
0.0
0.0
0.0
0.0
0.0
1.3
6.0
0.0
10.0
8.7
8.0
16.0
14.0
20.7
35.3
24.0
28.7
26.7
36.0
44.7
52.0
41.3
36.0
50.7
42.7
55.3
54.7
47.3
39.3
50.0
62.7
48.7
62.0
62.7
45.3
70.7
59.3
54.7
58.0
49.3
63.3
61.3
74.7
62.0
68.0
66.7
52.0
72.0
68.0
66.0
65.3
64.0
58.7
66.0
61.3
82.0
72.7
Time taken: 7.99
saavedra@saavedra-To-be-filled-by-O-E-M:~/Documentos/CODES/paralelo/CUDA/ga-rwa-ufpa/c_ga_rwa_serial_janet$ ./sim_rwa ; 
0.0
0.0
0.0
0.0
0.0
0.0
0.0
0.0
0.0
0.0
2.7
0.0
2.7
7.3
4.0
4.0
10.0
11.3
9.3
21.3
17.3
16.0
24.7
33.3
20.0
13.3
39.3
37.3
48.7
34.7
51.3
42.0
44.7
46.0
44.0
41.3
25.3
45.3
58.0
51.3
66.0
56.0
48.7
52.0
60.7
65.3
58.7
70.7
69.3
64.7
54.0
72.0
60.7
58.0
68.0
62.7
70.7
60.7
83.3
70.0
73.3
75.3
74.0
78.7
Time taken: 8.20
saavedra@saavedra-To-be-filled-by-O-E-M:~/Documentos/CODES/paralelo/CUDA/ga-rwa-ufpa/c_ga_rwa_serial_janet$ ./sim_rwa ; 
0.0
0.0
0.0
0.0
0.0
0.0
0.0
0.0
0.0
0.0
0.0
0.7
4.7
1.3
6.7
12.0
0.0
6.0
13.3
16.0
17.3
28.0
32.7
38.0
34.7
30.7
39.3
36.7
44.7
40.7
45.3
27.3
44.0
54.7
48.7
58.0
59.3
43.3
33.3
43.3
51.3
55.3
55.3
53.3
63.3
62.0
66.7
57.3
59.3
65.3
75.3
59.3
68.0
66.7
74.7
74.0
66.7
66.0
72.7
68.0
67.3
71.3
69.3
76.7
Time taken: 8.15
saavedra@saavedra-To-be-filled-by-O-E-M:~/Documentos/CODES/paralelo/CUDA/ga-rwa-ufpa/c_ga_rwa_serial_janet$ ./sim_rwa ; 
0.0
0.0
0.0
0.0
0.0
0.0
0.0
0.0
0.0
0.7
0.0
3.3
7.3
2.0
10.0
6.0
16.7
16.7
9.3
27.3
23.3
22.7
32.0
28.7
45.3
34.0
34.0
41.3
46.7
50.0
36.0
36.0
40.0
40.0
46.7
54.7
58.0
50.7
51.3
54.0
59.3
64.0
56.7
66.0
58.7
60.0
52.0
69.3
56.0
66.0
68.0
68.7
65.3
68.7
75.3
60.7
62.0
66.7
70.0
70.0
68.7
76.7
68.0
69.3
Time taken: 7.71
saavedra@saavedra-To-be-filled-by-O-E-M:~/Documentos/CODES/paralelo/CUDA/ga-rwa-ufpa/c_ga_rwa_serial_janet$ ./sim_rwa ; 
0.0
0.0
0.0
0.0
0.0
0.0
0.0
2.0
0.0
0.0
0.0
0.7
0.7
6.7
12.7
12.7
4.7
4.7
6.0
24.7
28.7
38.0
18.7
16.0
34.0
32.7
47.3
41.3
36.0
40.7
32.0
43.3
39.3
46.0
42.7
55.3
49.3
58.7
56.7
54.0
48.0
38.7
54.0
49.3
58.7
63.3
70.7
66.7
59.3
66.7
73.3
60.7
60.7
71.3
70.7
68.7
58.7
74.7
60.0
71.3
60.0
70.0
76.0
66.7
Time taken: 8.09
saavedra@saavedra-To-be-filled-by-O-E-M:~/Documentos/CODES/paralelo/CUDA/ga-rwa-ufpa/c_ga_rwa_serial_janet$ ./sim_rwa ; 
0.0
0.0
0.0
0.0
0.0
0.0
0.0
0.0
0.0
0.0
0.0
0.0
3.3
1.3
6.0
2.0
9.3
10.0
12.7
26.7
18.0
20.7
31.3
34.7
27.3
49.3
41.3
46.0
40.7
40.7
41.3
56.7
54.7
40.0
60.0
55.3
57.3
52.7
52.0
53.3
48.0
58.0
63.3
60.0
65.3
69.3
64.0
64.7
62.7
62.7
67.3
73.3
54.7
76.7
58.7
62.0
74.0
72.0
66.7
70.0
74.7
73.3
71.3
65.3
Time taken: 8.13
saavedra@saavedra-To-be-filled-by-O-E-M:~/Documentos/CODES/paralelo/CUDA/ga-rwa-ufpa/c_ga_rwa_serial_janet$ ./sim_rwa ; 
0.0
0.0
0.0
0.0
0.0
0.0
0.0
0.0
0.0
0.0
5.3
3.3
3.3
8.0
2.7
10.7
7.3
11.3
22.0
28.0
24.7
13.3
20.7
31.3
26.0
26.7
47.3
41.3
35.3
41.3
42.7
50.0
44.7
44.7
41.3
48.0
44.7
48.0
54.7
48.7
54.7
49.3
60.7
57.3
58.0
65.3
58.0
62.7
59.3
69.3
73.3
54.7
66.7
67.3
61.3
63.3
74.7
55.3
82.0
70.7
71.3
70.0
70.7
68.0
Time taken: 8.14
saavedra@saavedra-To-be-filled-by-O-E-M:~/Documentos/CODES/paralelo/CUDA/ga-rwa-ufpa/c_ga_rwa_serial_janet$ ./sim_rwa ; 
0.7
0.0
0.0
0.0
0.0
0.0
0.0
0.7
0.0
0.0
0.0
0.0
0.7
0.0
16.0
0.0
14.0
11.3
14.0
14.0
13.3
20.7
26.7
17.3
34.7
24.7
30.0
44.0
29.3
44.0
48.0
45.3
49.3
34.7
43.3
54.7
42.0
59.3
46.0
59.3
64.7
53.3
64.0
54.7
56.7
54.0
60.0
63.3
71.3
66.0
68.0
68.7
76.0
57.3
75.3
64.0
56.7
68.7
74.7
66.7
74.0
75.3
80.0
72.7
Time taken: 8.07
saavedra@saavedra-To-be-filled-by-O-E-M:~/Documentos/CODES/paralelo/CUDA/ga-rwa-ufpa/c_ga_rwa_serial_janet$ ./sim_rwa ; 
0.7
0.0
0.0
0.0
0.0
0.0
0.0
0.0
0.0
2.7
0.0
0.0
4.0
0.0
3.3
4.7
3.3
10.7
21.3
14.7
21.3
20.7
13.3
32.0
41.3
32.7
18.0
28.0
43.3
30.0
32.7
40.7
30.7
52.7
58.0
54.7
39.3
48.7
48.7
52.7
53.3
59.3
47.3
52.7
58.0
66.0
56.0
62.0
71.3
70.0
69.3
56.7
75.3
72.7
60.0
65.3
67.3
69.3
63.3
66.7
63.3
76.0
70.7
66.0
Time taken: 8.12
saavedra@saavedra-To-be-filled-by-O-E-M:~/Documentos/CODES/paralelo/CUDA/ga-rwa-ufpa/c_ga_rwa_serial_janet$ ./sim_rwa ; 
0.0
0.0
0.0
0.0
0.0
0.0
0.0
0.0
0.0
0.0
0.0
3.3
0.0
6.0
5.3
0.7
8.7
16.7
9.3
23.3
19.3
12.0
24.7
20.0
36.0
20.7
33.3
35.3
43.3
39.3
39.3
37.3
58.0
45.3
42.0
38.0
51.3
49.3
51.3
51.3
58.0
50.7
54.7
60.0
45.3
72.0
65.3
66.0
66.0
68.7
61.3
66.7
74.7
70.0
68.7
64.7
70.0
66.0
74.0
72.0
75.3
62.0
66.7
69.3
Time taken: 8.13
saavedra@saavedra-To-be-filled-by-O-E-M:~/Documentos/CODES/paralelo/CUDA/ga-rwa-ufpa/c_ga_rwa_serial_janet$ ./sim_rwa ; 
0.0
0.0
0.0
0.0
0.0
0.0
0.0
1.3
0.0
0.7
0.0
0.7
1.3
4.0
9.3
7.3
6.7
15.3
4.7
24.7
14.0
22.7
26.0
26.7
21.3
37.3
23.3
37.3
36.7
44.7
52.0
42.7
48.7
32.7
46.7
58.7
49.3
46.7
58.7
55.3
50.0
58.7
58.7
57.3
73.3
61.3
62.7
68.0
66.0
59.3
66.7
68.0
64.0
68.0
55.3
64.0
80.0
74.0
72.7
68.0
64.0
73.3
72.0
71.3
Time taken: 8.15
saavedra@saavedra-To-be-filled-by-O-E-M:~/Documentos/CODES/paralelo/CUDA/ga-rwa-ufpa/c_ga_rwa_serial_janet$ ./sim_rwa ; 
0.0
0.0
0.0
0.0
0.0
0.0
0.0
0.0
0.0
0.0
0.7
0.0
0.7
3.3
5.3
5.3
10.7
7.3
19.3
30.0
21.3
23.3
14.7
25.3
24.0
30.0
36.7
34.7
48.0
42.7
48.7
46.0
50.7
50.7
41.3
56.7
55.3
58.0
50.0
46.0
52.7
55.3
63.3
51.3
68.0
70.7
64.7
61.3
50.7
64.7
62.7
74.0
69.3
64.7
75.3
51.3
64.0
60.0
61.3
76.7
71.3
79.3
71.3
70.0
Time taken: 8.18
saavedra@saavedra-To-be-filled-by-O-E-M:~/Documentos/CODES/paralelo/CUDA/ga-rwa-ufpa/c_ga_rwa_serial_janet$ ./sim_rwa ; 
0.0
0.0
0.0
0.0
0.0
0.0
0.0
0.0
0.0
0.0
0.0
0.0
4.0
0.7
0.7
3.3
10.0
14.7
14.0
8.0
28.0
14.7
30.7
16.0
35.3
25.3
40.7
43.3
51.3
40.7
42.7
36.7
43.3
56.0
43.3
46.0
57.3
60.0
60.7
51.3
56.7
62.7
48.7
63.3
53.3
69.3
48.7
56.7
54.7
61.3
66.0
64.0
74.7
73.3
64.0
67.3
73.3
58.7
68.0
63.3
62.0
70.7
76.0
76.0
Time taken: 8.11
saavedra@saavedra-To-be-filled-by-O-E-M:~/Documentos/CODES/paralelo/CUDA/ga-rwa-ufpa/c_ga_rwa_serial_janet$ ./sim_rwa ;
0.0
0.0
0.0
0.0
0.0
0.0
0.0
0.0
0.0
0.0
2.0
3.3
2.7
2.0
2.7
8.7
0.7
10.7
20.7
23.3
13.3
19.3
32.0
19.3
28.7
29.3
22.7
32.0
29.3
26.7
31.3
44.7
48.7
32.7
48.7
57.3
50.7
45.3
52.0
54.0
64.0
54.0
51.3
64.7
60.0
53.3
68.7
65.3
54.7
65.3
68.7
63.3
64.7
57.3
74.0
67.3
65.3
58.7
76.0
61.3
70.7
69.3
68.0
68.7
Time taken: 7.96
saavedra@saavedra-To-be-filled-by-O-E-M:~/Documentos/CODES/paralelo/CUDA/ga-rwa-ufpa/c_ga_rwa_serial_janet$ ./sim_rwa ; 
0.0
0.0
0.0
0.0
0.0
0.0
0.0
0.0
0.0
0.0
0.0
0.0
2.7
0.7
3.3
12.0
4.0
13.3
9.3
18.0
14.0
16.7
13.3
24.0
22.7
26.7
34.7
33.3
43.3
44.0
50.7
28.0
54.7
44.0
58.7
53.3
49.3
40.7
57.3
58.7
49.3
58.7
53.3
58.7
56.0
51.3
57.3
66.7
60.7
52.0
68.0
78.0
68.0
70.0
70.7
72.0
66.7
75.3
66.7
74.7
57.3
75.3
77.3
70.0
Time taken: 8.07
saavedra@saavedra-To-be-filled-by-O-E-M:~/Documentos/CODES/paralelo/CUDA/ga-rwa-ufpa/c_ga_rwa_serial_janet$ ./sim_rwa ; 
0.0
0.0
0.0
0.0
0.0
0.0
0.0
0.0
0.0
1.3
6.7
0.0
2.0
3.3
1.3
15.3
10.0
8.7
14.0
14.7
16.0
24.7
31.3
29.3
36.0
32.7
32.0
34.7
34.7
32.7
36.0
40.7
50.0
40.7
42.7
60.0
54.7
52.7
54.7
52.7
61.3
54.0
68.7
49.3
68.0
52.0
60.7
57.3
57.3
68.7
72.0
66.0
62.0
66.7
64.7
64.7
72.7
69.3
74.0
70.7
66.0
74.7
71.3
67.3
Time taken: 8.06
saavedra@saavedra-To-be-filled-by-O-E-M:~/Documentos/CODES/paralelo/CUDA/ga-rwa-ufpa/c_ga_rwa_serial_janet$ ./sim_rwa ; 
0.0
0.0
0.0
0.0
0.0
0.0
0.0
0.0
0.0
0.0
0.0
4.0
6.0
8.0
9.3
8.0
2.7
14.7
25.3
13.3
6.7
16.0
22.0
32.7
29.3
36.0
33.3
30.7
36.0
36.7
40.0
52.0
43.3
48.0
51.3
58.0
55.3
46.0
48.0
49.3
56.0
59.3
58.7
60.0
54.7
59.3
64.7
60.7
72.7
60.0
64.0
67.3
61.3
64.7
65.3
62.7
62.7
73.3
64.0
66.0
72.7
68.7
57.3
60.7
Time taken: 8.12
saavedra@saavedra-To-be-filled-by-O-E-M:~/Documentos/CODES/paralelo/CUDA/ga-rwa-ufpa/c_ga_rwa_serial_janet$ ./sim_rwa ; 
0.0
0.0
0.0
0.0
0.0
0.0
0.0
0.0
0.7
0.0
0.0
2.7
3.3
10.0
6.0
8.0
12.0
0.0
20.7
14.0
13.3
33.3
38.0
30.7
39.3
29.3
38.0
30.7
40.7
34.7
38.7
44.7
44.7
42.0
38.0
58.7
34.7
42.0
42.7
63.3
50.7
48.7
56.7
70.7
66.0
64.0
61.3
64.7
69.3
64.0
62.0
67.3
69.3
60.7
66.0
65.3
63.3
67.3
66.7
68.7
72.7
80.0
60.7
64.7
Time taken: 8.17
saavedra@saavedra-To-be-filled-by-O-E-M:~/Documentos/CODES/paralelo/CUDA/ga-rwa-ufpa/c_ga_rwa_serial_janet$ ./sim_rwa ; 
0.0
0.0
0.0
0.0
0.0
0.0
0.0
0.0
0.0
3.3
1.3
0.0
7.3
7.3
3.3
3.3
15.3
20.7
17.3
18.7
18.7
26.7
28.0
26.0
24.0
24.7
34.0
34.0
45.3
36.7
30.7
42.7
47.3
52.7
52.7
50.7
45.3
58.0
53.3
48.7
54.7
48.0
61.3
62.0
68.0
60.0
64.0
65.3
58.7
44.0
68.7
65.3
77.3
64.0
69.3
63.3
64.7
68.0
70.0
76.0
74.0
68.0
68.7
75.3
Time taken: 8.12
saavedra@saavedra-To-be-filled-by-O-E-M:~/Documentos/CODES/paralelo/CUDA/ga-rwa-ufpa/c_ga_rwa_serial_janet$ ./sim_rwa ; 
0.0
0.0
0.0
0.0
0.0
0.0
0.0
0.0
0.0
2.7
1.3
0.0
0.0
0.7
0.7
7.3
4.0
16.7
24.7
32.0
21.3
14.0
26.7
42.0
37.3
29.3
43.3
29.3
21.3
42.0
41.3
58.0
28.7
43.3
55.3
52.0
52.0
46.0
53.3
56.7
52.0
60.0
62.0
61.3
57.3
62.7
56.7
46.7
71.3
69.3
67.3
61.3
71.3
62.0
76.0
68.0
63.3
64.0
75.3
72.7
76.7
76.0
79.3
74.7
Time taken: 8.07
saavedra@saavedra-To-be-filled-by-O-E-M:~/Documentos/CODES/paralelo/CUDA/ga-rwa-ufpa/c_ga_rwa_serial_janet$ ./sim_rwa ; 
0.0
0.0
0.0
0.0
0.0
0.0
0.0
0.0
0.0
0.7
0.7
8.0
0.0
0.0
0.0
4.0
4.7
19.3
24.0
10.0
16.7
20.0
19.3
36.7
36.0
25.3
37.3
42.0
53.3
47.3
36.0
41.3
42.0
43.3
41.3
56.0
57.3
52.0
55.3
62.0
48.0
56.0
57.3
55.3
52.7
52.7
63.3
57.3
63.3
68.7
66.7
64.7
69.3
66.0
55.3
76.7
65.3
69.3
70.7
75.3
72.0
70.7
66.0
82.0
Time taken: 7.98
saavedra@saavedra-To-be-filled-by-O-E-M:~/Documentos/CODES/paralelo/CUDA/ga-rwa-ufpa/c_ga_rwa_serial_janet$ ./sim_rwa ; 
0.0
0.0
0.0
0.0
0.0
0.0
0.0
0.0
0.0
0.0
0.0
2.7
6.0
0.0
2.7
8.7
6.7
16.7
28.7
12.0
15.3
21.3
14.7
19.3
29.3
40.0
27.3
30.7
44.0
36.0
41.3
52.0
35.3
49.3
49.3
50.0
43.3
58.0
41.3
59.3
68.0
48.7
52.7
56.0
60.7
70.7
62.0
58.7
56.0
66.0
64.7
60.0
69.3
60.0
74.7
66.7
69.3
68.7
64.7
73.3
58.7
72.7
70.7
68.7
Time taken: 8.08
saavedra@saavedra-To-be-filled-by-O-E-M:~/Documentos/CODES/paralelo/CUDA/ga-rwa-ufpa/c_ga_rwa_serial_janet$ ./sim_rwa ; 
0.7
0.0
0.0
0.0
0.0
0.0
0.0
0.0
0.0
0.0
0.0
0.7
2.0
0.0
14.0
8.0
10.7
3.3
23.3
19.3
19.3
27.3
23.3
30.7
32.7
38.7
21.3
48.0
38.7
35.3
42.0
42.0
43.3
56.0
46.0
60.0
45.3
48.7
62.0
55.3
55.3
64.0
54.0
64.7
64.0
66.0
68.7
68.0
61.3
67.3
66.0
62.0
62.7
61.3
60.7
60.0
72.0
72.0
63.3
78.7
68.0
67.3
68.0
78.0
Time taken: 7.98
saavedra@saavedra-To-be-filled-by-O-E-M:~/Documentos/CODES/paralelo/CUDA/ga-rwa-ufpa/c_ga_rwa_serial_janet$ ./sim_rwa ; 
0.0
0.0
0.0
0.0
0.0
0.0
0.0
0.0
0.0
0.0
0.0
2.7
2.0
0.7
10.0
10.0
9.3
17.3
14.0
21.3
17.3
24.0
28.7
33.3
19.3
28.0
36.7
35.3
41.3
34.0
24.0
47.3
43.3
56.0
52.7
38.0
52.7
54.0
41.3
55.3
54.7
64.0
59.3
43.3
63.3
56.0
52.0
68.0
52.0
66.7
62.0
62.0
72.0
60.7
76.0
68.0
60.7
70.7
63.3
67.3
70.7
73.3
65.3
69.3
Time taken: 8.17
saavedra@saavedra-To-be-filled-by-O-E-M:~/Documentos/CODES/paralelo/CUDA/ga-rwa-ufpa/c_ga_rwa_serial_janet$ ./sim_rwa ; 
0.0
0.0
0.0
0.0
0.0
0.0
0.0
0.0
0.0
0.0
2.0
0.0
0.0
6.7
0.0
2.0
10.7
10.7
10.7
21.3
30.7
26.0
36.0
29.3
27.3
32.0
42.0
30.0
39.3
42.0
38.0
46.7
30.7
41.3
48.0
48.0
48.7
58.7
55.3
51.3
52.0
48.0
52.7
47.3
59.3
50.7
63.3
70.0
58.7
56.7
51.3
73.3
63.3
72.0
76.7
64.0
68.7
74.7
63.3
68.0
65.3
73.3
75.3
72.7
Time taken: 8.16

