saavedra@saavedra-To-be-filled-by-O-E-M:~/Documentos/CODES/paralelo/CUDA/ga-rwa-ufpa/c_ga_rwa_serial_nsf$ ./sim_rwa 
0.7
0.0
0.0
0.0
0.0
1.3
4.7
8.7
8.0
17.3
9.3
22.7
24.7
32.0
24.0
23.3
36.0
36.0
39.3
42.7
45.3
48.7
49.3
55.3
60.0
50.7
55.3
63.3
64.7
68.0
62.0
66.7
57.3
62.7
68.0
74.7
66.7
70.7
66.0
74.7
76.0
71.3
78.0
68.7
80.7
74.7
81.3
72.0
73.3
78.7
80.7
70.0
82.7
79.3
78.0
78.7
78.7
77.3
84.0
85.3
76.0
89.3
84.7
84.0
Time taken: 7.68
saavedra@saavedra-To-be-filled-by-O-E-M:~/Documentos/CODES/paralelo/CUDA/ga-rwa-ufpa/c_ga_rwa_serial_nsf$ ./sim_rwa 
0.7
0.0
0.0
0.0
0.0
4.0
2.7
0.0
8.7
16.7
19.3
30.0
28.0
27.3
29.3
30.7
38.0
48.0
36.0
53.3
57.3
52.7
61.3
60.7
43.3
60.7
60.7
55.3
68.0
54.7
67.3
56.0
62.7
69.3
69.3
58.7
70.0
74.0
70.0
68.7
82.0
78.0
80.0
76.0
78.7
78.0
82.7
80.0
72.7
83.3
76.0
80.7
78.7
86.7
74.0
80.0
82.0
82.0
78.0
82.0
80.7
85.3
84.7
74.7
Time taken: 7.73
saavedra@saavedra-To-be-filled-by-O-E-M:~/Documentos/CODES/paralelo/CUDA/ga-rwa-ufpa/c_ga_rwa_serial_nsf$ ./sim_rwa 
0.0
0.0
0.0
0.0
0.0
0.7
6.7
2.0
16.7
22.0
24.0
24.7
22.7
37.3
32.7
39.3
36.7
49.3
56.7
44.0
46.0
48.7
60.0
57.3
54.0
67.3
69.3
67.3
61.3
65.3
68.0
64.7
62.7
72.0
66.0
70.7
70.0
82.7
69.3
70.7
70.7
80.0
70.7
76.0
72.7
78.7
69.3
78.7
72.7
74.7
74.7
81.3
83.3
84.7
76.7
70.7
84.0
82.0
88.0
82.0
80.7
88.7
89.3
79.3
Time taken: 7.73
saavedra@saavedra-To-be-filled-by-O-E-M:~/Documentos/CODES/paralelo/CUDA/ga-rwa-ufpa/c_ga_rwa_serial_nsf$ ./sim_rwa 
0.7
0.0
0.0
0.0
0.0
2.7
1.3
8.7
5.3
9.3
10.0
22.0
39.3
37.3
45.3
42.0
38.0
42.7
43.3
50.0
52.7
57.3
51.3
46.0
46.7
56.0
67.3
68.7
64.0
62.0
62.7
64.7
74.0
62.7
68.7
74.0
68.0
70.0
70.7
77.3
73.3
78.7
75.3
70.7
78.0
72.7
78.7
79.3
79.3
78.7
74.7
77.3
82.7
78.7
76.7
82.7
71.3
86.7
80.7
82.7
82.0
85.3
80.7
82.7
Time taken: 7.85
saavedra@saavedra-To-be-filled-by-O-E-M:~/Documentos/CODES/paralelo/CUDA/ga-rwa-ufpa/c_ga_rwa_serial_nsf$ ./sim_rwa 
0.0
0.0
0.0
0.0
0.0
6.0
8.0
6.0
5.3
22.7
20.7
25.3
29.3
38.7
41.3
40.0
37.3
44.7
40.7
54.7
41.3
45.3
52.7
56.7
58.7
64.0
68.0
64.7
68.0
62.7
69.3
64.7
56.7
62.0
62.0
68.7
72.0
66.0
74.7
74.7
78.7
75.3
72.7
78.7
79.3
77.3
82.0
72.7
80.0
74.0
68.0
79.3
82.7
80.0
82.0
80.0
86.7
80.7
80.0
80.0
84.0
81.3
79.3
77.3
Time taken: 7.64
saavedra@saavedra-To-be-filled-by-O-E-M:~/Documentos/CODES/paralelo/CUDA/ga-rwa-ufpa/c_ga_rwa_serial_nsf$ ./sim_rwa 
0.0
0.0
0.0
0.0
0.0
1.3
0.7
0.0
12.0
8.0
10.0
20.0
21.3
29.3
38.7
29.3
46.0
38.0
44.0
43.3
46.0
37.3
40.0
52.7
54.0
52.0
60.0
70.0
56.7
66.7
61.3
48.7
72.7
73.3
68.0
72.7
69.3
58.7
72.0
72.0
76.0
78.0
78.7
70.7
75.3
81.3
69.3
76.0
82.7
76.0
79.3
74.0
71.3
75.3
84.0
83.3
88.7
78.0
88.0
79.3
82.7
84.0
86.7
80.7
Time taken: 7.99
saavedra@saavedra-To-be-filled-by-O-E-M:~/Documentos/CODES/paralelo/CUDA/ga-rwa-ufpa/c_ga_rwa_serial_nsf$ ./sim_rwa 
0.7
0.0
0.0
0.0
0.0
5.3
0.7
4.7
8.7
9.3
18.0
22.7
34.7
25.3
22.7
34.0
33.3
47.3
48.0
36.7
37.3
52.7
38.7
50.0
60.7
62.7
59.3
54.0
62.7
58.0
66.7
68.0
64.0
62.7
63.3
68.0
68.7
73.3
68.0
76.7
68.0
74.7
76.7
74.7
78.7
80.0
74.0
78.0
77.3
75.3
77.3
79.3
68.0
78.0
79.3
75.3
74.7
82.0
79.3
81.3
83.3
80.0
83.3
82.7
Time taken: 7.99
saavedra@saavedra-To-be-filled-by-O-E-M:~/Documentos/CODES/paralelo/CUDA/ga-rwa-ufpa/c_ga_rwa_serial_nsf$ ./sim_rwa 
0.7
0.0
0.0
0.0
0.7
0.7
2.7
17.3
19.3
18.0
12.7
24.0
22.7
35.3
42.0
38.7
38.7
40.0
45.3
45.3
52.0
59.3
56.0
50.0
51.3
58.7
56.0
65.3
63.3
66.7
61.3
64.0
74.7
69.3
64.7
65.3
73.3
77.3
75.3
73.3
73.3
70.7
77.3
80.7
70.7
80.0
77.3
78.7
83.3
80.0
79.3
74.7
72.7
80.0
85.3
75.3
76.7
74.0
80.7
79.3
84.7
78.0
82.0
80.7
Time taken: 7.68
saavedra@saavedra-To-be-filled-by-O-E-M:~/Documentos/CODES/paralelo/CUDA/ga-rwa-ufpa/c_ga_rwa_serial_nsf$ ./sim_rwa 
0.7
0.0
0.0
0.0
0.7
2.0
2.0
4.7
8.0
14.7
17.3
32.7
30.0
29.3
32.0
30.7
38.0
35.3
54.7
46.7
53.3
36.7
54.0
58.0
62.0
56.7
62.0
58.7
63.3
73.3
64.7
75.3
72.0
67.3
76.7
64.7
73.3
68.7
70.7
70.0
74.0
75.3
71.3
62.7
76.0
78.0
72.0
76.7
83.3
75.3
80.7
73.3
80.0
75.3
82.0
76.7
85.3
86.0
90.0
86.0
72.0
83.3
84.0
77.3
Time taken: 7.73
saavedra@saavedra-To-be-filled-by-O-E-M:~/Documentos/CODES/paralelo/CUDA/ga-rwa-ufpa/c_ga_rwa_serial_nsf$ ./sim_rwa 
0.0
0.0
0.0
0.0
0.0
1.3
2.0
8.7
11.3
14.7
22.7
21.3
12.0
21.3
45.3
42.7
45.3
42.0
54.0
52.0
54.7
62.7
68.0
61.3
57.3
48.7
70.7
75.3
59.3
67.3
62.7
65.3
69.3
73.3
69.3
68.0
72.7
65.3
81.3
80.0
68.0
71.3
79.3
65.3
68.7
79.3
82.7
80.0
78.0
80.7
78.7
80.0
82.0
79.3
84.0
75.3
82.0
78.7
76.7
76.7
82.0
86.7
85.3
80.7
Time taken: 7.80
saavedra@saavedra-To-be-filled-by-O-E-M:~/Documentos/CODES/paralelo/CUDA/ga-rwa-ufpa/c_ga_rwa_serial_nsf$ ./sim_rwa 
0.7
0.0
0.0
0.0
4.7
1.3
0.0
11.3
10.0
11.3
12.7
21.3
24.7
28.7
26.0
32.0
30.0
53.3
51.3
48.7
53.3
48.7
53.3
44.0
60.0
47.3
65.3
64.0
68.7
62.0
66.7
68.0
70.0
68.7
76.0
66.0
72.0
66.0
68.7
67.3
75.3
78.0
74.0
76.7
69.3
77.3
80.7
70.7
74.7
70.0
80.0
75.3
82.7
84.0
78.7
86.0
80.7
86.0
83.3
76.0
85.3
85.3
82.7
77.3
Time taken: 7.98
saavedra@saavedra-To-be-filled-by-O-E-M:~/Documentos/CODES/paralelo/CUDA/ga-rwa-ufpa/c_ga_rwa_serial_nsf$ ./sim_rwa 
0.0
0.0
0.0
0.0
0.7
4.7
2.0
11.3
10.7
20.0
14.7
23.3
15.3
26.7
35.3
42.0
44.0
41.3
41.3
64.7
45.3
50.7
62.7
48.7
58.0
54.0
59.3
56.0
62.7
65.3
62.7
65.3
62.0
61.3
60.0
69.3
76.0
74.0
71.3
67.3
82.7
74.0
76.7
76.7
76.7
76.0
78.0
86.7
76.0
82.0
76.7
78.7
77.3
76.0
80.7
72.0
78.7
76.7
84.7
84.0
79.3
84.0
80.7
84.7
Time taken: 7.86
saavedra@saavedra-To-be-filled-by-O-E-M:~/Documentos/CODES/paralelo/CUDA/ga-rwa-ufpa/c_ga_rwa_serial_nsf$ ./sim_rwa 
0.7
0.0
0.0
0.0
2.7
2.0
6.0
5.3
8.0
14.7
20.7
16.7
25.3
29.3
30.7
46.7
36.0
46.7
60.0
42.7
52.0
46.7
50.7
56.7
60.0
51.3
66.0
60.0
64.7
60.7
69.3
60.0
72.7
58.7
65.3
67.3
70.7
74.7
70.7
66.7
68.7
70.7
68.7
69.3
80.7
72.0
80.0
84.0
84.0
77.3
74.7
71.3
76.0
81.3
77.3
79.3
83.3
84.7
86.7
82.7
68.7
78.0
78.7
75.3
Time taken: 7.88
saavedra@saavedra-To-be-filled-by-O-E-M:~/Documentos/CODES/paralelo/CUDA/ga-rwa-ufpa/c_ga_rwa_serial_nsf$ ./sim_rwa 
0.7
0.0
0.0
0.0
0.0
0.0
4.7
7.3
13.3
8.7
18.0
20.0
16.7
42.7
33.3
36.0
38.0
44.0
36.7
55.3
54.7
49.3
53.3
62.0
47.3
48.0
56.0
56.7
51.3
58.7
56.7
67.3
68.0
68.7
66.0
70.0
70.7
69.3
62.0
81.3
74.7
78.0
72.0
64.7
83.3
74.0
76.0
74.7
81.3
76.7
84.0
76.0
81.3
77.3
80.7
77.3
86.7
78.7
84.0
76.7
88.0
78.0
80.0
82.0
Time taken: 7.77
saavedra@saavedra-To-be-filled-by-O-E-M:~/Documentos/CODES/paralelo/CUDA/ga-rwa-ufpa/c_ga_rwa_serial_nsf$ ./sim_rwa 
0.7
0.0
0.0
0.0
0.0
0.0
5.3
3.3
6.7
5.3
16.7
30.7
39.3
32.7
32.0
29.3
42.7
40.0
40.7
49.3
48.0
48.7
50.0
55.3
66.0
61.3
64.7
52.7
57.3
72.7
68.7
64.7
73.3
76.7
64.0
74.0
70.0
74.0
64.7
71.3
64.7
68.7
75.3
74.7
76.0
78.7
78.0
74.0
71.3
80.7
81.3
84.7
85.3
76.7
82.7
81.3
84.0
76.0
84.0
73.3
80.7
89.3
82.7
83.3
Time taken: 7.70
saavedra@saavedra-To-be-filled-by-O-E-M:~/Documentos/CODES/paralelo/CUDA/ga-rwa-ufpa/c_ga_rwa_serial_nsf$ ./sim_rwa 
0.0
0.0
0.0
0.0
0.0
0.7
0.0
0.7
16.0
21.3
16.7
26.0
24.7
30.0
40.0
43.3
35.3
32.0
50.7
52.7
55.3
56.7
67.3
59.3
54.0
58.0
66.7
61.3
54.0
62.7
72.0
66.0
68.7
52.7
62.0
68.7
70.0
70.7
74.7
72.7
74.0
79.3
75.3
70.7
72.0
72.0
75.3
79.3
75.3
84.7
76.0
82.7
76.7
76.0
79.3
77.3
76.0
72.7
77.3
81.3
86.0
83.3
82.0
85.3
Time taken: 8.11
saavedra@saavedra-To-be-filled-by-O-E-M:~/Documentos/CODES/paralelo/CUDA/ga-rwa-ufpa/c_ga_rwa_serial_nsf$ ./sim_rwa 
0.0
0.0
0.0
0.7
1.3
1.3
6.0
5.3
5.3
14.0
16.0
21.3
32.0
30.0
44.7
51.3
43.3
40.0
58.0
46.0
60.0
56.0
42.7
59.3
63.3
59.3
66.0
57.3
57.3
69.3
59.3
78.0
64.0
68.7
67.3
65.3
68.7
72.7
75.3
80.7
74.7
79.3
74.0
71.3
78.7
79.3
74.7
83.3
74.7
82.7
75.3
84.7
85.3
77.3
77.3
76.0
79.3
82.0
82.7
81.3
86.0
79.3
83.3
88.7
Time taken: 7.77
saavedra@saavedra-To-be-filled-by-O-E-M:~/Documentos/CODES/paralelo/CUDA/ga-rwa-ufpa/c_ga_rwa_serial_nsf$ ./sim_rwa 
0.7
0.0
0.0
0.0
0.0
1.3
4.0
3.3
4.7
15.3
22.0
23.3
25.3
22.7
37.3
36.7
36.7
46.7
41.3
54.0
51.3
55.3
56.7
57.3
54.0
58.0
63.3
63.3
62.0
54.7
56.7
64.7
66.7
60.7
81.3
75.3
69.3
75.3
82.7
80.7
68.7
74.7
77.3
70.0
72.7
84.7
76.0
83.3
80.7
82.7
82.0
86.7
76.0
80.0
81.3
88.0
82.7
80.7
86.7
78.7
74.0
78.0
82.0
78.7
Time taken: 7.67
saavedra@saavedra-To-be-filled-by-O-E-M:~/Documentos/CODES/paralelo/CUDA/ga-rwa-ufpa/c_ga_rwa_serial_nsf$ ./sim_rwa 
0.7
0.0
0.0
0.0
0.0
2.0
6.7
0.0
11.3
14.0
21.3
26.7
24.0
36.7
40.7
40.7
37.3
46.7
34.7
51.3
51.3
61.3
48.0
48.0
68.7
55.3
68.0
64.0
56.7
68.7
66.0
66.0
63.3
70.7
72.7
69.3
68.0
72.0
74.0
73.3
73.3
66.7
82.7
75.3
78.7
80.7
77.3
77.3
74.7
78.0
80.7
78.0
76.7
84.7
82.7
71.3
79.3
84.0
81.3
80.7
80.7
80.0
85.3
77.3
Time taken: 7.39
saavedra@saavedra-To-be-filled-by-O-E-M:~/Documentos/CODES/paralelo/CUDA/ga-rwa-ufpa/c_ga_rwa_serial_nsf$ ./sim_rwa 
1.3
0.0
0.0
0.0
0.0
0.0
3.3
4.7
4.0
13.3
16.0
24.0
20.7
21.3
27.3
31.3
38.0
39.3
40.0
52.0
34.0
54.0
41.3
57.3
52.7
55.3
63.3
70.7
52.7
62.0
62.7
70.0
63.3
71.3
72.0
65.3
79.3
70.7
77.3
70.7
70.7
72.0
74.0
69.3
68.7
76.0
74.7
74.0
82.0
75.3
80.7
83.3
78.7
78.7
76.0
72.7
80.7
73.3
85.3
80.0
81.3
82.7
81.3
86.7
Time taken: 8.02
saavedra@saavedra-To-be-filled-by-O-E-M:~/Documentos/CODES/paralelo/CUDA/ga-rwa-ufpa/c_ga_rwa_serial_nsf$ ./sim_rwa 
1.3
0.0
0.0
0.0
0.0
2.0
5.3
8.0
4.7
6.7
11.3
21.3
21.3
30.0
34.0
30.7
38.0
38.0
44.7
40.0
56.7
60.7
44.0
52.0
55.3
54.0
55.3
60.7
70.0
65.3
66.0
66.0
72.7
57.3
70.0
61.3
66.7
72.7
73.3
74.7
70.7
73.3
70.7
73.3
70.0
75.3
71.3
78.7
76.7
75.3
73.3
76.7
72.7
73.3
81.3
85.3
76.0
80.7
81.3
80.7
80.0
86.0
78.0
84.0
Time taken: 8.00
saavedra@saavedra-To-be-filled-by-O-E-M:~/Documentos/CODES/paralelo/CUDA/ga-rwa-ufpa/c_ga_rwa_serial_nsf$ ./sim_rwa 
1.3
0.0
0.0
0.0
0.0
3.3
1.3
6.7
10.7
14.0
16.0
24.7
20.7
30.7
28.7
34.0
38.0
44.7
39.3
44.7
39.3
42.7
50.0
44.7
50.7
54.0
48.0
61.3
55.3
59.3
61.3
60.7
68.0
74.7
74.0
73.3
69.3
68.7
70.7
65.3
72.7
74.0
77.3
76.0
74.0
72.0
74.0
77.3
84.0
74.0
82.7
80.7
76.7
80.0
76.0
72.0
80.0
80.0
80.0
75.3
87.3
84.0
84.7
84.0
Time taken: 7.99
saavedra@saavedra-To-be-filled-by-O-E-M:~/Documentos/CODES/paralelo/CUDA/ga-rwa-ufpa/c_ga_rwa_serial_nsf$ ./sim_rwa 
0.7
0.0
0.0
0.0
0.7
6.0
1.3
11.3
12.7
23.3
18.0
16.7
23.3
25.3
43.3
30.7
37.3
39.3
45.3
62.0
54.7
41.3
60.7
58.0
57.3
54.0
46.7
62.7
64.0
61.3
56.0
66.0
62.0
73.3
71.3
66.0
72.0
74.7
60.7
72.0
76.0
72.0
67.3
74.7
74.0
73.3
72.0
80.7
77.3
68.0
76.7
82.7
80.0
79.3
82.7
78.7
84.0
81.3
85.3
74.0
84.7
80.7
84.0
85.3
Time taken: 7.73
saavedra@saavedra-To-be-filled-by-O-E-M:~/Documentos/CODES/paralelo/CUDA/ga-rwa-ufpa/c_ga_rwa_serial_nsf$ ./sim_rwa 
0.0
0.0
0.0
0.0
3.3
2.0
4.7
12.0
18.7
14.7
16.7
30.7
36.0
28.7
56.0
37.3
27.3
42.7
40.7
47.3
53.3
57.3
49.3
59.3
63.3
60.0
62.0
62.7
69.3
64.7
66.0
70.7
71.3
70.0
70.0
75.3
82.7
78.7
76.7
67.3
70.7
74.7
65.3
78.7
79.3
81.3
80.7
76.7
74.7
73.3
80.0
80.7
80.0
85.3
82.7
79.3
84.7
86.0
80.7
83.3
81.3
82.7
85.3
82.0
Time taken: 7.76
saavedra@saavedra-To-be-filled-by-O-E-M:~/Documentos/CODES/paralelo/CUDA/ga-rwa-ufpa/c_ga_rwa_serial_nsf$ ./sim_rwa 
0.0
0.0
0.0
0.0
0.0
4.0
4.0
2.7
16.7
16.7
22.0
39.3
23.3
24.7
24.7
42.7
37.3
52.0
45.3
51.3
60.0
54.0
56.7
52.0
61.3
55.3
63.3
61.3
65.3
64.0
68.0
60.0
65.3
62.0
65.3
76.0
72.0
68.0
68.0
70.7
84.7
68.7
80.7
77.3
72.7
76.7
75.3
82.0
78.7
82.7
82.7
76.0
74.0
84.0
76.7
81.3
84.7
82.0
86.0
77.3
78.7
80.7
81.3
84.7
Time taken: 7.79
saavedra@saavedra-To-be-filled-by-O-E-M:~/Documentos/CODES/paralelo/CUDA/ga-rwa-ufpa/c_ga_rwa_serial_nsf$ ./sim_rwa 
0.7
0.0
0.0
0.0
1.3
1.3
5.3
8.0
6.7
15.3
26.0
27.3
32.7
26.0
28.0
33.3
16.0
36.0
49.3
46.0
59.3
51.3
60.7
51.3
63.3
62.0
61.3
64.0
68.7
60.0
68.7
64.7
56.7
68.7
74.7
65.3
62.0
66.0
66.0
59.3
69.3
72.0
72.0
68.0
74.7
80.0
81.3
79.3
78.7
84.7
82.7
80.0
85.3
80.0
80.0
74.0
83.3
84.7
77.3
70.7
87.3
86.7
86.0
80.0
Time taken: 7.71
saavedra@saavedra-To-be-filled-by-O-E-M:~/Documentos/CODES/paralelo/CUDA/ga-rwa-ufpa/c_ga_rwa_serial_nsf$ ./sim_rwa 
0.0
0.0
0.0
0.0
0.7
0.0
1.3
1.3
6.7
17.3
6.7
18.7
28.7
24.7
27.3
32.7
29.3
38.7
44.0
46.0
42.0
56.0
52.0
52.7
48.0
64.0
54.7
69.3
66.0
58.0
64.7
59.3
57.3
70.0
63.3
54.7
65.3
75.3
73.3
62.7
76.0
76.7
72.7
65.3
73.3
75.3
76.7
79.3
81.3
75.3
73.3
80.0
81.3
79.3
78.0
83.3
76.7
82.0
80.0
86.0
84.0
86.7
84.0
79.3
Time taken: 7.82
saavedra@saavedra-To-be-filled-by-O-E-M:~/Documentos/CODES/paralelo/CUDA/ga-rwa-ufpa/c_ga_rwa_serial_nsf$ ./sim_rwa 
0.0
0.0
0.0
0.0
2.0
2.7
5.3
6.0
16.0
17.3
28.7
25.3
26.0
30.0
36.0
40.0
34.7
48.7
49.3
52.7
52.7
53.3
52.0
52.7
56.7
58.0
63.3
52.7
64.7
70.0
66.7
62.7
71.3
68.7
67.3
79.3
68.0
74.0
74.7
67.3
72.7
74.7
80.0
72.0
67.3
68.7
76.7
76.7
76.7
76.0
73.3
80.0
75.3
80.0
86.7
82.0
82.7
78.0
88.0
80.0
87.3
79.3
77.3
82.0
Time taken: 7.65
saavedra@saavedra-To-be-filled-by-O-E-M:~/Documentos/CODES/paralelo/CUDA/ga-rwa-ufpa/c_ga_rwa_serial_nsf$ ./sim_rwa 
0.0
0.0
0.0
0.0
0.0
2.0
0.0
5.3
14.7
17.3
18.7
19.3
32.0
32.0
30.7
36.0
46.7
45.3
55.3
44.0
46.0
51.3
58.0
62.7
59.3
62.0
64.0
73.3
52.0
70.0
60.7
74.7
66.0
66.7
73.3
64.0
65.3
69.3
62.7
78.7
73.3
76.0
76.0
73.3
80.0
76.0
75.3
85.3
82.0
75.3
77.3
84.0
75.3
74.7
83.3
82.7
77.3
84.0
83.3
84.0
83.3
78.0
83.3
84.0
Time taken: 7.71
saavedra@saavedra-To-be-filled-by-O-E-M:~/Documentos/CODES/paralelo/CUDA/ga-rwa-ufpa/c_ga_rwa_serial_nsf$ ./sim_rwa 
0.0
0.0
0.0
0.0
0.7
0.7
4.0
8.0
12.7
22.0
16.0
23.3
28.7
36.7
33.3
36.7
41.3
37.3
50.7
50.0
53.3
57.3
46.7
58.0
52.7
57.3
58.0
54.7
72.0
76.7
60.7
64.0
68.0
58.0
70.0
75.3
72.0
66.7
72.0
76.7
77.3
71.3
66.7
76.0
66.0
78.7
75.3
72.0
76.7
87.3
82.0
79.3
80.0
86.0
79.3
76.7
85.3
78.0
79.3
82.7
89.3
79.3
82.0
87.3
Time taken: 8.05

