0.0  0.0  0.0  0.0  0.0  0.0  0.0  0.0  1.3  1.3  3.3  4.7  23.3  15.3  14.7  30.7  19.3  28.0  51.3  24.7  30.7  40.0  37.3  47.3  40.0  50.7  47.3  52.7  51.3  60.7  55.3  66.7  58.0  64.7  50.7  58.7  59.3  64.0  59.3  68.7  60.7  63.3  82.0  68.0  68.0  62.7  76.0  77.3  65.3  78.0  79.3  66.0  84.0  74.7  73.3  79.3  77.3  74.0  84.7  74.0  81.3  86.0  82.0  76.0  Time taken: 10.72
0.7  0.0  0.0  0.0  0.0  0.0  1.3  0.0  0.0  3.3  0.7  1.3  9.3  1.3  14.7  6.7  18.7  22.0  23.3  35.3  39.3  48.0  36.7  46.0  39.3  57.3  53.3  46.0  55.3  57.3  53.3  68.7  62.7  55.3  62.0  59.3  62.7  56.7  66.0  62.7  72.7  63.3  65.3  73.3  69.3  74.7  70.7  62.0  66.0  72.7  75.3  64.7  70.7  80.7  80.7  82.7  85.3  80.7  86.0  71.3  77.3  85.3  80.0  81.3  Time taken: 10.73
0.7  0.0  0.0  0.0  0.0  0.0  0.7  0.7  0.0  0.0  1.3  6.0  12.7  12.0  12.7  21.3  18.0  26.0  37.3  30.7  34.0  46.7  45.3  42.7  42.0  50.0  34.7  40.0  41.3  54.0  56.7  50.7  59.3  52.7  58.0  58.0  63.3  60.7  64.7  61.3  64.0  66.7  72.0  72.0  72.7  66.0  71.3  59.3  71.3  74.7  72.0  77.3  74.0  69.3  83.3  75.3  74.0  66.7  78.7  81.3  73.3  74.0  85.3  76.7  Time taken: 10.66
0.0  0.0  0.0  0.0  0.0  0.0  0.0  0.0  0.0  10.0  4.7  4.0  5.3  18.0  18.0  25.3  24.7  30.0  40.0  26.7  38.7  48.7  45.3  45.3  43.3  42.0  52.7  56.0  45.3  49.3  54.0  56.7  54.0  60.0  58.0  55.3  76.7  57.3  56.7  66.7  64.7  62.7  73.3  63.3  70.0  72.7  70.7  71.3  74.0  71.3  74.7  76.0  73.3  81.3  72.0  74.7  73.3  78.0  74.7  66.7  76.7  71.3  80.7  80.7  Time taken: 10.69
0.7  0.0  0.0  0.0  0.0  0.0  0.0  4.0  0.7  0.0  10.0  4.0  14.7  10.0  8.0  19.3  20.0  18.7  28.0  36.7  50.7  51.3  54.0  34.0  44.0  39.3  46.7  50.7  58.0  52.0  46.0  66.0  55.3  68.0  56.7  66.7  50.0  64.0  70.0  57.3  62.0  64.7  58.7  68.7  70.7  69.3  76.7  74.0  63.3  69.3  76.7  74.7  78.7  78.7  72.7  74.0  79.3  77.3  80.0  86.7  74.0  85.3  74.0  78.7  Time taken: 10.72
0.0  0.0  0.0  0.0  0.0  0.0  0.0  0.0  5.3  0.0  0.0  4.7  12.7  16.0  16.7  12.7  12.0  44.0  38.0  32.7  20.0  35.3  39.3  52.0  55.3  38.7  44.0  55.3  40.7  56.7  62.7  60.7  61.3  60.0  63.3  65.3  68.7  73.3  62.0  68.0  69.3  66.0  64.0  64.7  59.3  76.0  74.0  61.3  69.3  68.0  78.0  81.3  74.7  74.0  75.3  78.7  76.7  76.0  76.7  80.0  78.7  73.3  86.0  81.3  Time taken: 10.78
0.0  0.0  0.0  0.0  0.0  0.0  0.0  0.0  2.7  2.0  1.3  4.0  3.3  11.3  16.0  24.0  27.3  13.3  21.3  28.0  45.3  36.0  40.7  33.3  41.3  45.3  42.7  60.0  38.0  66.0  60.7  47.3  59.3  58.7  54.0  54.7  54.0  60.7  68.7  76.0  68.7  64.0  63.3  66.7  66.0  70.7  70.0  68.0  68.7  66.0  76.0  62.0  74.7  70.0  76.7  72.7  75.3  75.3  79.3  78.7  78.0  72.0  75.3  76.0  Time taken: 10.70
0.0  0.0  0.0  0.0  0.0  0.0  0.0  0.0  1.3  5.3  3.3  2.7  2.7  9.3  14.7  18.0  16.7  20.7  29.3  45.3  28.7  34.7  35.3  45.3  48.0  48.0  44.0  58.7  54.7  54.7  60.0  60.0  47.3  62.7  65.3  64.7  64.7  70.7  63.3  58.0  69.3  66.0  66.7  79.3  73.3  73.3  72.0  72.0  73.3  70.0  64.7  70.7  75.3  84.0  68.0  79.3  72.0  70.0  78.0  77.3  80.0  77.3  75.3  87.3  Time taken: 10.61
0.0  0.0  0.0  0.0  0.0  0.0  0.7  0.0  0.0  0.0  10.7  3.3  4.0  9.3  14.0  27.3  28.7  26.7  37.3  38.7  32.0  38.7  46.7  54.0  48.7  51.3  45.3  44.0  52.0  37.3  54.7  44.7  50.0  49.3  58.7  66.0  58.7  65.3  64.0  68.0  65.3  62.7  66.0  69.3  62.7  73.3  73.3  75.3  70.7  78.0  70.7  76.0  75.3  74.0  75.3  74.7  73.3  74.0  77.3  76.7  70.0  82.7  76.7  76.7  Time taken: 10.64
0.0  0.0  0.0  0.0  0.0  0.0  0.0  0.0  4.7  2.7  10.0  7.3  22.0  13.3  10.7  26.7  15.3  43.3  25.3  27.3  38.0  32.7  36.0  47.3  40.0  41.3  46.0  50.7  48.7  50.7  57.3  46.0  53.3  65.3  67.3  61.3  66.7  61.3  70.0  60.7  71.3  64.0  72.0  62.0  69.3  80.0  72.7  61.3  74.7  73.3  72.7  78.0  68.7  76.0  72.7  72.7  79.3  76.7  80.0  68.7  66.0  75.3  79.3  72.7  Time taken: 10.63
0.0  0.0  0.0  0.0  0.0  0.0  0.0  0.0  0.7  1.3  5.3  1.3  1.3  23.3  6.7  17.3  35.3  23.3  32.7  27.3  46.0  36.7  46.7  53.3  45.3  36.7  52.0  42.0  47.3  37.3  49.3  65.3  58.7  61.3  51.3  59.3  67.3  61.3  62.7  74.7  51.3  64.7  68.7  52.0  72.0  74.0  79.3  74.7  74.0  79.3  76.0  67.3  78.0  74.0  78.0  82.0  76.0  78.0  82.7  68.0  73.3  79.3  79.3  77.3  Time taken: 10.86
0.0  0.0  0.0  0.0  0.0  0.0  0.0  0.0  1.3  2.0  3.3  2.7  7.3  15.3  18.7  26.0  34.0  33.3  28.7  24.0  26.0  40.0  34.7  47.3  45.3  57.3  53.3  46.0  45.3  56.0  50.7  44.0  59.3  48.7  62.0  56.0  56.0  71.3  72.7  68.0  70.7  60.0  68.7  62.7  61.3  72.7  72.7  68.7  66.7  78.7  72.7  74.7  74.7  75.3  78.7  76.7  72.7  74.0  78.0  64.0  80.0  78.0  64.0  74.0  Time taken: 10.77
0.0  0.0  0.0  0.0  0.0  0.0  2.0  0.0  1.3  2.0  9.3  12.0  11.3  12.0  18.7  8.0  12.0  22.0  24.0  25.3  32.7  44.0  38.0  32.7  38.7  41.3  60.0  45.3  51.3  61.3  46.7  53.3  52.0  41.3  59.3  51.3  61.3  62.0  59.3  64.0  66.7  67.3  65.3  60.7  58.0  78.7  72.7  70.0  75.3  83.3  82.0  78.0  68.0  80.0  74.7  78.0  80.7  74.7  74.0  71.3  84.0  69.3  79.3  70.7  Time taken: 10.84
0.0  0.0  0.0  0.0  0.0  0.0  0.0  1.3  1.3  0.0  1.3  5.3  6.7  10.7  12.0  26.7  18.7  18.7  20.0  30.7  27.3  32.0  41.3  43.3  42.7  52.0  50.7  53.3  59.3  41.3  63.3  57.3  57.3  59.3  71.3  54.7  62.0  64.0  70.0  72.0  55.3  75.3  60.7  72.0  58.0  65.3  64.7  68.7  72.7  81.3  70.7  79.3  70.7  76.7  76.7  78.7  75.3  77.3  71.3  78.7  72.0  81.3  76.0  78.0  Time taken: 10.81
0.0  0.0  0.0  0.0  0.0  0.0  0.0  0.0  2.0  9.3  4.7  3.3  8.0  12.0  20.0  37.3  23.3  37.3  22.7  28.7  36.7  45.3  50.0  34.0  45.3  54.7  44.0  44.7  54.0  58.0  52.7  57.3  52.0  72.0  72.7  54.0  64.0  58.0  65.3  62.7  64.7  66.7  79.3  76.7  73.3  58.0  70.0  58.0  75.3  75.3  68.7  79.3  74.7  71.3  72.0  88.7  72.7  78.0  76.0  83.3  79.3  74.7  72.7  70.0  Time taken: 10.79
0.7  0.0  0.0  0.0  0.0  0.0  0.0  0.0  0.7  10.0  7.3  5.3  5.3  20.7  33.3  2.7  14.7  24.0  21.3  31.3  31.3  40.0  30.7  46.7  48.0  55.3  48.7  42.7  62.0  58.0  41.3  52.7  59.3  70.0  54.7  57.3  61.3  65.3  67.3  66.0  78.0  66.7  68.7  70.0  81.3  68.7  72.0  70.0  70.0  74.0  74.0  78.7  72.7  64.0  74.7  74.7  68.0  87.3  70.0  75.3  78.7  76.7  80.7  76.7  Time taken: 10.78
0.0  0.0  0.0  0.0  0.0  0.0  0.0  0.0  3.3  2.0  11.3  7.3  4.7  16.7  11.3  18.7  28.7  35.3  37.3  36.7  38.0  26.7  39.3  35.3  47.3  39.3  49.3  37.3  55.3  56.0  45.3  55.3  56.0  69.3  49.3  56.0  68.0  62.0  66.0  65.3  67.3  67.3  64.7  75.3  63.3  63.3  70.7  76.7  80.0  73.3  69.3  73.3  79.3  79.3  81.3  76.0  72.7  76.0  74.0  83.3  79.3  76.7  81.3  82.0  Time taken: 10.76
0.0  0.0  0.0  0.0  0.0  0.0  0.0  1.3  1.3  0.0  10.0  7.3  4.0  4.0  18.0  16.7  26.0  22.0  34.0  24.0  41.3  40.7  44.0  35.3  48.0  48.7  55.3  56.7  44.0  49.3  59.3  62.0  58.7  68.0  62.7  58.7  61.3  58.0  65.3  70.7  60.0  68.0  68.0  74.7  72.7  75.3  74.0  82.0  68.0  76.7  72.7  76.7  68.7  70.7  87.3  70.0  76.0  71.3  74.7  68.7  77.3  72.0  74.0  73.3  Time taken: 10.67
0.0  0.0  0.0  0.0  0.0  0.0  0.7  0.7  0.0  1.3  0.0  4.0  2.7  8.0  18.0  17.3  15.3  28.7  30.7  22.7  30.0  32.0  41.3  42.7  38.7  43.3  52.7  38.7  64.7  44.0  64.0  56.7  52.7  60.0  52.7  61.3  62.7  65.3  75.3  72.0  68.0  56.7  63.3  68.7  67.3  68.7  78.7  78.0  68.0  71.3  74.0  72.7  80.7  72.7  80.7  78.7  80.0  84.7  74.0  82.7  72.7  78.0  79.3  83.3  Time taken: 10.76
0.0  0.0  0.0  0.0  0.0  0.0  0.0  0.0  2.0  0.0  5.3  5.3  10.7  19.3  14.0  25.3  25.3  23.3  37.3  26.7  35.3  42.7  34.7  41.3  42.7  55.3  41.3  38.7  65.3  48.7  54.0  55.3  62.7  58.0  49.3  50.0  61.3  56.7  60.0  62.7  65.3  64.0  72.7  69.3  74.7  70.0  62.0  66.0  75.3  74.7  80.7  64.7  74.7  74.7  82.0  69.3  74.7  74.7  83.3  76.7  80.7  80.7  77.3  78.7  Time taken: 10.66
