0.7  0.0  0.0  2.7  9.3  24.0  11.3  22.7  28.7  34.0  40.7  47.3  56.0  52.7  54.0  62.0  60.7  68.0  61.3  60.7  62.7  64.7  62.7  69.3  60.7  73.3  71.3  68.7  76.0  78.7  83.3  76.0  81.3  76.7  77.3  85.3  82.7  81.3  78.7  80.0  79.3  90.7  82.0  84.0  85.3  87.3  90.0  84.0  91.3  85.3  86.7  83.3  83.3  90.0  84.7  92.7  89.3  87.3  91.3  90.0  89.3  82.7  88.7  84.0  Time taken: 6.53
0.0  0.0  0.7  2.7  12.0  16.0  6.7  32.7  35.3  44.7  46.7  46.0  36.7  57.3  40.7  55.3  64.7  57.3  56.0  60.7  52.7  62.7  66.7  70.0  80.7  76.7  66.0  77.3  80.7  73.3  72.7  71.3  81.3  81.3  78.7  86.0  79.3  77.3  77.3  82.7  85.3  82.7  82.0  88.7  83.3  86.0  80.7  86.0  86.0  83.3  82.7  90.7  87.3  87.3  84.0  88.7  92.0  86.0  89.3  88.7  91.3  84.7  90.0  90.7  Time taken: 6.49
0.0  1.3  0.7  0.7  6.7  8.7  23.3  24.7  18.0  28.0  30.7  49.3  40.0  40.0  56.7  62.0  54.0  58.0  62.7  76.0  70.7  66.7  72.7  62.7  67.3  67.3  72.7  74.0  74.7  77.3  79.3  82.0  74.7  81.3  82.0  82.7  84.7  82.7  75.3  82.0  79.3  82.0  82.7  88.0  82.0  82.0  82.7  83.3  85.3  92.0  84.7  86.7  83.3  89.3  86.0  88.7  84.0  88.7  88.0  84.7  89.3  84.7  90.0  89.3  Time taken: 6.54
1.3  0.0  1.3  1.3  8.0  8.7  17.3  22.0  22.0  39.3  31.3  35.3  48.7  47.3  57.3  52.7  64.7  60.0  63.3  66.0  68.7  58.7  72.7  63.3  70.7  80.7  72.0  74.7  70.0  79.3  74.0  74.0  73.3  76.7  80.7  83.3  82.7  73.3  84.0  81.3  87.3  79.3  80.7  86.7  78.7  78.7  83.3  89.3  86.0  84.7  84.7  86.7  90.7  92.0  92.0  88.7  86.0  86.0  91.3  86.0  85.3  90.0  89.3  88.0  Time taken: 6.58
0.7  2.0  0.0  2.7  8.7  10.7  24.0  19.3  21.3  39.3  35.3  35.3  54.7  50.0  52.0  52.7  48.7  59.3  60.7  78.0  69.3  77.3  70.0  71.3  63.3  66.0  72.7  76.0  76.7  69.3  74.7  80.7  85.3  81.3  80.7  78.7  86.0  87.3  83.3  83.3  79.3  84.7  82.0  78.0  87.3  81.3  85.3  84.0  79.3  86.7  85.3  84.7  87.3  83.3  80.7  90.7  86.0  88.7  86.7  86.7  93.3  88.0  87.3  92.7  Time taken: 6.43
0.0  0.0  0.7  1.3  4.7  10.7  16.7  22.0  30.7  34.7  40.7  40.7  49.3  55.3  52.7  56.0  45.3  52.7  65.3  65.3  58.0  77.3  72.0  72.0  72.7  78.7  74.0  78.0  74.7  82.7  79.3  76.0  82.0  79.3  74.7  79.3  79.3  83.3  84.7  84.0  77.3  78.0  84.7  86.7  90.0  84.7  83.3  86.0  89.3  84.7  82.0  84.7  86.7  80.0  86.7  89.3  86.0  91.3  90.0  84.7  90.7  92.7  92.0  90.0  Time taken: 6.56
0.0  0.0  0.7  4.0  4.0  16.7  18.0  27.3  33.3  35.3  42.0  35.3  45.3  48.0  58.7  55.3  67.3  64.0  59.3  60.7  68.0  62.0  69.3  66.0  66.0  70.7  71.3  76.7  76.0  80.0  68.0  68.0  82.7  78.0  86.7  78.7  84.0  84.0  78.7  85.3  84.7  82.7  88.0  88.7  84.7  85.3  79.3  86.7  83.3  85.3  83.3  90.7  84.0  90.7  92.7  89.3  92.0  88.7  90.0  88.7  90.7  89.3  84.7  90.0  Time taken: 6.58
0.7  0.7  0.7  0.0  4.7  10.0  20.0  26.7  24.0  30.0  30.7  36.7  52.0  55.3  64.7  52.7  55.3  53.3  58.0  64.7  65.3  68.0  66.7  72.0  67.3  66.0  76.0  74.0  78.0  84.7  80.0  78.0  80.7  78.7  79.3  78.0  83.3  80.0  89.3  76.0  80.7  80.7  88.0  75.3  83.3  87.3  80.0  86.0  80.0  87.3  88.0  90.0  84.7  88.0  88.7  88.7  89.3  93.3  85.3  86.7  89.3  93.3  84.0  96.7  Time taken: 6.52
0.7  0.0  0.0  0.7  5.3  14.0  15.3  11.3  31.3  46.0  42.0  47.3  41.3  48.7  46.7  53.3  59.3  67.3  65.3  66.0  68.0  76.0  69.3  76.0  78.0  73.3  82.0  75.3  80.0  76.7  70.7  73.3  80.7  74.7  82.7  82.7  78.7  88.0  88.7  79.3  86.0  83.3  92.0  86.7  84.0  86.7  86.0  82.0  83.3  84.0  89.3  87.3  85.3  88.7  84.0  92.0  86.7  83.3  92.0  90.0  86.0  87.3  86.7  90.7  Time taken: 6.41
0.0  0.0  0.0  0.7  4.7  10.0  18.7  19.3  28.0  34.0  48.7  39.3  49.3  50.7  52.0  61.3  56.0  59.3  64.0  66.7  64.0  65.3  73.3  68.0  65.3  76.7  68.0  70.7  91.3  73.3  70.0  84.0  78.7  76.0  74.7  76.7  85.3  81.3  88.0  90.0  84.7  84.7  84.7  84.7  76.7  83.3  80.0  86.0  88.7  86.7  82.7  87.3  88.0  86.7  83.3  91.3  90.7  91.3  86.0  84.7  94.0  86.7  85.3  88.0  Time taken: 6.43
0.0  0.0  0.0  6.0  4.7  10.7  14.7  24.0  31.3  32.0  46.0  46.7  44.0  42.0  61.3  50.7  56.7  59.3  61.3  57.3  66.7  71.3  62.7  70.0  73.3  72.7  72.7  64.7  77.3  78.7  76.0  82.7  84.7  82.0  79.3  78.7  80.7  82.0  81.3  79.3  81.3  78.7  84.0  84.0  81.3  83.3  88.0  79.3  90.0  89.3  94.7  86.0  86.0  90.0  86.7  86.0  91.3  88.7  88.0  89.3  88.0  93.3  87.3  84.0  Time taken: 6.44
0.7  0.0  0.0  2.7  10.7  14.7  16.7  23.3  28.0  32.0  42.0  44.7  50.7  56.0  53.3  58.7  63.3  59.3  62.7  61.3  76.7  67.3  65.3  67.3  68.7  73.3  69.3  62.7  77.3  79.3  80.7  78.7  78.0  78.0  86.7  78.7  79.3  86.0  82.7  82.0  80.7  86.0  80.0  83.3  87.3  82.0  82.0  86.0  90.7  81.3  80.7  90.7  87.3  86.0  84.7  90.0  88.0  91.3  84.0  86.0  92.0  88.7  81.3  88.7  Time taken: 6.44
0.7  2.0  0.7  2.7  6.7  20.7  28.7  28.7  26.0  38.7  32.0  46.0  50.7  40.0  53.3  60.0  64.7  58.7  66.7  58.7  60.0  70.7  68.7  75.3  84.0  61.3  70.7  79.3  75.3  76.0  79.3  87.3  83.3  82.0  85.3  76.7  82.0  83.3  83.3  84.0  88.0  77.3  76.7  84.0  84.0  82.7  84.0  86.0  92.7  86.7  88.7  86.0  79.3  88.7  90.7  88.7  84.7  83.3  90.7  89.3  90.7  84.0  88.7  86.0  Time taken: 6.44
0.0  0.0  0.0  8.7  10.7  4.0  18.0  19.3  22.7  34.0  47.3  37.3  59.3  52.7  45.3  59.3  54.0  60.0  54.7  74.7  71.3  67.3  61.3  74.7  68.0  57.3  61.3  62.7  78.7  80.0  79.3  75.3  77.3  77.3  86.0  77.3  75.3  82.0  82.7  75.3  84.0  81.3  82.7  84.7  84.7  76.7  88.7  83.3  79.3  88.7  86.7  89.3  89.3  84.0  88.0  90.0  88.0  86.0  88.0  90.7  88.0  83.3  90.0  91.3  Time taken: 6.57
0.0  0.0  1.3  0.7  4.7  10.7  8.7  22.0  22.7  46.7  36.0  57.3  41.3  50.7  56.7  70.0  64.0  64.0  66.0  65.3  69.3  61.3  66.7  78.7  74.0  78.7  80.7  77.3  70.7  78.7  86.0  74.7  76.7  76.7  80.7  80.0  82.0  84.7  78.7  81.3  79.3  85.3  86.0  86.7  79.3  84.7  87.3  85.3  86.7  88.0  84.7  93.3  88.0  92.0  90.7  90.0  93.3  80.7  90.0  85.3  86.0  88.7  88.0  90.0  Time taken: 6.59
0.7  0.0  1.3  2.0  1.3  18.7  20.0  15.3  22.7  44.7  48.0  48.0  58.7  63.3  54.7  53.3  58.0  54.0  68.7  61.3  74.0  64.7  61.3  73.3  70.7  70.0  75.3  66.7  72.7  72.0  78.0  84.0  66.7  74.0  80.7  82.0  84.0  83.3  79.3  75.3  85.3  82.0  79.3  86.0  81.3  82.0  90.0  80.7  90.0  82.0  80.0  80.0  87.3  86.7  86.0  86.7  87.3  92.0  88.0  91.3  90.0  86.7  88.0  88.7  Time taken: 6.51
0.7  0.0  0.0  1.3  4.0  6.0  14.7  28.7  26.0  18.7  50.7  53.3  52.7  52.7  42.7  50.7  63.3  60.7  51.3  53.3  67.3  64.0  68.0  68.0  62.0  73.3  78.0  73.3  67.3  80.0  72.0  74.0  78.7  78.0  84.7  74.7  80.7  76.7  85.3  80.0  82.0  83.3  87.3  87.3  90.0  82.0  88.0  83.3  84.7  88.7  89.3  82.0  86.0  88.0  82.0  86.7  86.7  88.7  87.3  82.0  87.3  92.7  83.3  94.0  Time taken: 6.48
0.0  0.0  2.7  0.7  3.3  11.3  20.7  30.7  26.7  44.7  43.3  57.3  52.0  54.7  57.3  52.0  62.0  58.7  64.0  67.3  64.7  73.3  57.3  74.7  74.0  70.0  73.3  70.7  78.7  77.3  80.0  77.3  84.0  81.3  80.7  72.7  70.7  82.0  78.0  83.3  78.0  84.0  80.7  85.3  90.0  88.0  83.3  83.3  89.3  87.3  88.7  85.3  82.7  84.7  90.7  92.0  92.0  91.3  87.3  88.0  88.7  94.0  86.7  86.7  Time taken: 6.43
0.0  0.7  0.0  0.7  2.0  14.7  14.0  31.3  22.7  30.7  36.7  38.0  48.7  50.0  51.3  61.3  60.0  60.7  56.0  65.3  74.0  70.0  62.0  64.0  69.3  79.3  72.7  75.3  77.3  80.7  72.7  69.3  81.3  74.7  84.0  76.7  80.7  80.7  86.7  87.3  81.3  90.7  84.0  86.7  85.3  84.7  83.3  91.3  82.0  89.3  81.3  85.3  86.7  88.7  84.7  80.0  84.7  86.7  86.0  90.0  86.0  86.7  87.3  88.7  Time taken: 6.43
0.0  0.0  0.0  5.3  10.0  10.7  16.7  25.3  32.0  34.7  46.7  48.7  47.3  46.0  60.0  58.7  53.3  66.0  63.3  70.0  64.0  64.7  64.0  62.7  74.7  76.0  76.0  74.7  77.3  73.3  81.3  84.0  78.0  83.3  79.3  76.7  82.0  81.3  80.7  85.3  87.3  82.7  78.0  84.7  84.7  84.0  89.3  90.7  84.0  88.0  85.3  86.7  90.7  85.3  91.3  93.3  86.7  88.7  84.7  90.0  89.3  91.3  92.7  96.0  Time taken: 6.46
