0.0  0.0  0.0  0.0  0.0  0.0  0.0  0.0  0.0  0.0  0.0  0.0  2.7  0.7  2.7  0.0  1.3  10.0  4.7  8.7  12.7  20.0  24.7  10.7  14.0  21.3  23.3  14.7  16.7  29.3  30.7  23.3  36.7  44.0  26.0  40.0  36.0  47.3  33.3  46.0  46.0  51.3  42.7  46.7  48.7  46.7  63.3  46.0  64.0  54.0  58.0  55.3  56.7  50.7  65.3  62.7  62.0  62.0  56.7  56.0  47.3  69.3  64.0  62.7  Time taken: 8.08
0.0  0.0  0.0  0.0  0.0  0.0  0.0  0.0  0.0  0.0  2.0  4.0  8.0  2.7  16.7  3.3  5.3  22.0  16.7  26.0  19.3  16.7  36.0  30.7  28.0  34.0  33.3  38.7  29.3  47.3  58.7  41.3  40.7  56.7  60.0  46.0  49.3  44.0  61.3  55.3  61.3  55.3  61.3  56.7  64.7  58.7  60.7  71.3  74.7  66.0  62.7  64.0  61.3  67.3  62.0  71.3  67.3  64.7  78.0  70.0  66.0  70.7  71.3  74.7  Time taken: 7.52
0.0  0.0  0.0  0.0  0.0  0.0  0.0  0.0  0.0  0.0  0.0  0.0  2.0  2.0  7.3  3.3  0.0  5.3  9.3  3.3  10.7  12.0  22.0  18.0  20.7  26.7  25.3  20.0  18.7  22.7  28.0  32.0  40.0  34.7  46.7  43.3  52.7  45.3  46.0  46.0  40.7  46.0  58.0  49.3  55.3  47.3  54.7  47.3  54.0  60.7  58.0  60.7  62.0  53.3  60.7  63.3  61.3  54.7  58.7  64.0  47.3  69.3  62.7  70.7  Time taken: 7.71
0.0  0.0  0.0  0.0  0.0  0.0  0.0  0.0  0.0  0.0  0.0  2.0  2.7  4.7  7.3  0.7  9.3  6.0  11.3  19.3  17.3  17.3  21.3  14.7  24.7  29.3  36.0  42.0  34.7  40.7  44.7  38.7  39.3  51.3  56.7  50.0  36.7  58.0  44.0  61.3  53.3  56.7  56.7  65.3  47.3  48.0  66.0  52.7  66.7  71.3  56.0  46.7  64.7  58.0  70.0  70.0  57.3  73.3  58.7  79.3  68.7  77.3  64.0  74.0  Time taken: 7.37
0.0  0.0  0.0  0.0  0.0  0.0  0.0  0.0  2.0  0.0  1.3  5.3  2.7  3.3  2.7  5.3  20.0  25.3  11.3  20.7  23.3  22.7  25.3  34.7  32.7  47.3  32.7  36.7  36.0  40.7  56.0  52.0  52.7  52.0  57.3  50.7  60.7  52.7  55.3  62.0  59.3  63.3  52.7  58.0  53.3  64.0  57.3  62.7  65.3  70.7  62.7  76.0  57.3  67.3  70.7  60.7  73.3  68.7  73.3  71.3  74.0  63.3  69.3  66.0  Time taken: 7.24
0.0  0.0  0.0  0.0  0.0  0.0  0.0  0.0  0.0  0.0  0.0  0.0  0.0  0.0  0.7  1.3  13.3  10.0  12.0  10.7  18.0  17.3  34.7  12.7  35.3  27.3  36.0  27.3  24.7  28.0  30.0  41.3  29.3  54.7  43.3  46.7  42.7  49.3  45.3  44.0  40.0  44.7  54.7  54.7  56.0  54.0  66.7  48.7  52.0  59.3  66.0  69.3  60.0  64.0  74.0  52.7  60.0  70.7  74.0  55.3  60.7  73.3  65.3  69.3  Time taken: 7.40
0.0  0.0  0.0  0.0  0.0  0.0  0.0  0.7  0.0  0.7  0.7  11.3  9.3  10.0  22.7  26.0  17.3  22.0  22.7  32.7  9.3  28.0  32.0  40.0  39.3  30.7  48.0  55.3  52.7  36.0  43.3  64.7  51.3  60.7  62.0  50.0  64.0  64.7  65.3  58.7  70.0  66.7  68.0  60.7  60.7  60.7  72.0  68.0  69.3  76.7  72.0  75.3  64.0  64.7  72.7  58.0  74.7  76.7  78.7  74.7  75.3  73.3  76.0  78.0  Time taken: 7.29
0.0  0.0  0.0  0.0  0.0  0.0  2.7  8.7  6.7  8.0  30.7  25.3  20.7  32.0  30.0  41.3  42.7  49.3  50.7  42.0  45.3  58.0  63.3  56.7  56.7  67.3  50.7  61.3  72.0  57.3  73.3  65.3  69.3  66.0  82.0  78.7  69.3  71.3  72.0  73.3  74.0  76.7  76.7  76.7  78.0  80.0  73.3  81.3  84.7  83.3  80.7  82.0  78.0  76.0  80.0  76.7  78.0  80.0  82.7  85.3  78.7  73.3  88.7  84.0  Time taken: 6.67
0.0  0.0  0.0  0.0  0.0  0.0  0.0  0.0  0.0  0.0  0.0  2.0  14.7  4.0  17.3  11.3  12.7  0.0  19.3  21.3  34.7  20.7  24.0  26.7  45.3  40.7  38.7  36.0  42.0  44.7  32.7  43.3  48.0  40.7  48.0  36.7  50.7  38.0  54.0  53.3  60.7  62.0  60.0  63.3  58.7  60.0  66.0  60.7  60.0  52.0  65.3  50.0  67.3  70.0  60.0  58.7  74.0  74.0  68.7  80.0  68.0  70.0  74.0  77.3  Time taken: 7.55
0.0  0.0  0.0  0.0  0.0  0.0  0.0  0.0  0.0  0.0  0.0  0.0  0.0  0.0  0.7  0.0  2.7  12.0  6.7  14.7  11.3  6.0  14.7  20.7  22.0  19.3  13.3  32.7  18.7  35.3  22.0  38.0  38.7  35.3  40.7  58.0  40.0  38.7  50.0  52.7  48.7  37.3  53.3  52.7  40.0  42.0  48.0  59.3  59.3  52.0  62.0  63.3  56.0  60.0  66.7  51.3  66.7  60.7  68.7  66.7  69.3  62.7  62.0  68.0  Time taken: 7.92
0.0  0.0  0.0  0.0  0.0  0.0  0.0  0.0  0.0  0.0  0.0  0.0  0.7  3.3  1.3  2.7  11.3  2.7  8.0  8.7  12.0  12.7  22.0  46.7  32.0  24.7  29.3  27.3  30.7  24.0  36.0  36.0  40.0  49.3  45.3  56.7  55.3  42.7  49.3  46.7  48.0  48.0  55.3  57.3  50.7  54.7  69.3  63.3  59.3  64.7  60.7  56.0  67.3  66.0  60.0  58.7  62.7  63.3  70.7  66.7  63.3  70.0  62.0  72.7  Time taken: 7.51
0.0  0.0  0.0  0.0  0.0  0.0  0.0  0.0  0.0  0.0  1.3  2.7  0.0  6.0  1.3  20.0  8.7  15.3  12.7  8.7  20.0  15.3  23.3  37.3  22.7  40.0  31.3  37.3  25.3  40.0  40.7  41.3  55.3  42.7  44.7  54.7  52.7  57.3  54.0  57.3  56.0  53.3  56.7  50.0  53.3  58.0  66.0  53.3  71.3  62.0  52.7  64.7  64.7  68.0  62.7  71.3  66.0  67.3  76.0  74.0  70.0  79.3  68.0  69.3  Time taken: 7.49
0.7  0.0  0.0  0.0  0.0  0.0  0.0  0.0  0.0  0.0  0.7  0.0  0.0  0.0  0.0  0.7  3.3  6.0  9.3  24.7  8.7  12.7  17.3  12.0  25.3  27.3  10.7  27.3  45.3  23.3  33.3  42.7  42.0  48.7  36.7  35.3  41.3  56.0  51.3  51.3  51.3  48.0  63.3  56.0  55.3  64.7  64.0  64.0  63.3  65.3  57.3  59.3  62.7  60.7  57.3  62.7  67.3  59.3  60.7  63.3  56.7  66.7  62.0  60.0  Time taken: 7.55
0.0  0.0  0.0  0.0  0.0  0.0  0.0  0.0  0.0  0.0  0.0  0.7  4.0  0.0  4.7  11.3  19.3  12.7  9.3  7.3  28.0  27.3  15.3  24.0  21.3  32.7  22.7  38.0  15.3  26.7  40.7  40.7  38.7  31.3  38.7  40.0  36.7  42.0  40.0  42.0  46.7  44.0  48.0  41.3  60.7  58.7  56.7  52.7  56.7  68.7  56.7  58.0  66.0  54.0  64.7  58.0  58.7  54.0  75.3  68.7  64.7  58.7  70.7  62.7  Time taken: 7.28
0.0  0.0  0.0  0.0  0.0  0.0  0.0  0.0  0.0  0.0  0.0  2.0  0.0  0.0  6.7  0.0  3.3  0.0  5.3  6.7  6.7  10.0  12.0  10.0  26.7  19.3  14.0  28.7  38.0  28.7  22.0  24.0  32.0  35.3  46.0  46.0  42.7  45.3  52.0  51.3  42.0  52.0  51.3  61.3  40.7  45.3  48.7  48.7  56.7  44.7  54.7  66.7  59.3  58.7  66.7  58.7  66.0  59.3  60.0  69.3  68.0  76.7  55.3  72.0  Time taken: 7.51
0.0  0.0  0.0  0.0  0.0  0.0  2.7  0.0  0.7  4.0  9.3  9.3  16.0  8.7  29.3  22.0  24.7  22.0  35.3  44.7  38.7  32.7  50.0  43.3  40.0  52.0  43.3  47.3  50.0  57.3  62.0  49.3  48.7  63.3  54.0  55.3  65.3  64.0  69.3  67.3  64.7  68.7  68.0  68.0  57.3  72.7  68.0  74.7  70.0  71.3  72.7  69.3  82.0  74.7  69.3  71.3  74.7  77.3  73.3  80.0  72.0  81.3  74.0  87.3  Time taken: 6.98
0.0  0.0  0.0  0.0  0.0  0.0  0.0  2.0  0.0  0.7  0.7  6.0  0.7  4.7  10.0  10.0  15.3  14.7  20.7  25.3  21.3  26.0  36.7  34.0  45.3  40.7  38.0  33.3  57.3  40.0  59.3  42.7  60.0  46.0  54.0  61.3  57.3  62.0  55.3  64.7  57.3  54.7  62.0  50.0  55.3  60.0  58.7  68.7  58.0  64.7  58.7  68.7  63.3  78.7  67.3  60.0  72.7  72.0  69.3  70.0  68.0  71.3  70.7  68.0  Time taken: 7.25
0.0  0.0  0.0  0.0  0.0  0.0  0.0  0.0  0.7  0.0  0.0  0.0  2.7  9.3  3.3  10.0  16.7  24.0  16.0  30.0  22.7  20.7  16.7  44.0  26.7  40.7  40.7  34.7  40.7  30.0  46.7  40.0  51.3  44.0  48.7  40.0  55.3  52.0  58.7  49.3  52.0  52.7  51.3  56.0  56.0  67.3  59.3  70.0  60.0  58.0  76.7  58.0  66.0  58.0  70.7  58.7  68.0  68.7  71.3  63.3  70.7  65.3  68.0  68.7  Time taken: 7.15
0.7  0.0  0.0  0.0  0.0  0.0  0.0  0.0  0.0  0.0  0.0  0.0  0.0  0.0  5.3  2.0  2.0  6.0  7.3  6.0  13.3  6.0  12.7  30.0  8.7  20.0  23.3  27.3  26.0  30.7  33.3  29.3  26.7  40.0  24.7  34.7  44.0  38.7  50.0  46.7  54.7  46.0  50.0  56.7  54.0  57.3  44.7  59.3  48.0  57.3  59.3  62.7  63.3  53.3  55.3  60.7  68.0  64.0  58.7  61.3  67.3  66.7  62.0  67.3  Time taken: 7.35
0.0  0.0  0.0  0.0  0.0  0.0  0.0  0.0  1.3  0.0  2.0  0.0  5.3  3.3  5.3  4.7  11.3  10.0  23.3  25.3  24.0  24.7  19.3  43.3  30.7  20.7  44.0  32.0  42.7  39.3  35.3  40.0  44.0  52.7  45.3  46.7  54.0  44.0  55.3  52.0  43.3  54.0  58.0  65.3  55.3  60.7  55.3  64.7  58.7  55.3  60.7  65.3  72.0  68.7  62.7  65.3  70.0  71.3  74.7  68.0  62.0  70.7  73.3  72.7  Time taken: 7.14
