0.0  0.0  0.0  0.0  0.0  0.0  0.0  0.0  0.0  0.0  0.0  0.0  0.0  0.0  0.0  0.0  0.0  0.0  0.0  0.0  1.3  0.0  2.7  1.3  0.7  3.3  1.3  6.7  2.7  7.3  13.3  7.3  1.3  2.0  6.0  14.0  12.0  30.0  18.0  21.3  21.3  30.0  26.0  31.3  19.3  26.0  32.0  30.0  33.3  40.0  38.0  27.3  36.7  38.7  36.7  36.0  30.7  52.7  44.0  40.0  39.3  51.3  43.3  48.0  Time taken: 12.02
0.0  0.0  0.0  0.0  0.0  0.0  0.0  0.0  0.0  0.0  0.0  0.0  0.0  0.0  0.0  0.0  0.0  0.0  0.0  0.0  0.0  0.0  0.0  0.0  0.0  0.0  0.0  0.0  1.3  1.3  0.0  0.0  0.0  0.0  0.0  2.7  0.7  7.3  8.0  0.7  7.3  8.0  18.7  33.3  22.0  21.3  12.0  17.3  25.3  26.7  26.0  21.3  21.3  30.7  27.3  32.0  33.3  39.3  25.3  40.0  38.0  33.3  38.7  36.7  Time taken: 13.10
0.0  0.0  0.0  0.0  0.0  0.0  0.0  0.0  0.0  0.0  0.0  0.0  0.0  0.0  0.0  0.0  0.0  0.0  0.0  0.0  0.0  0.0  0.0  0.0  0.0  0.0  0.0  0.0  0.7  0.0  0.7  9.3  2.7  1.3  6.7  3.3  0.0  8.0  12.0  9.3  14.0  14.0  28.0  27.3  14.0  16.7  21.3  19.3  28.7  21.3  24.7  29.3  35.3  24.7  26.0  29.3  38.7  26.7  44.0  34.7  21.3  36.7  39.3  34.7  Time taken: 12.81
0.0  0.0  0.0  0.0  0.0  0.0  0.0  0.0  0.0  0.0  0.0  0.0  0.0  0.0  0.0  0.0  0.0  0.0  0.0  0.0  0.0  0.0  0.0  0.0  0.0  0.0  0.0  0.0  0.0  0.0  0.0  0.0  0.0  1.3  0.0  0.0  1.3  0.0  4.0  16.0  12.0  8.0  3.3  5.3  10.0  7.3  10.7  14.0  13.3  22.0  30.7  14.0  19.3  10.7  28.0  10.7  34.7  17.3  39.3  34.7  30.7  31.3  28.0  30.7  Time taken: 13.27
0.0  0.0  0.0  0.0  0.0  0.0  0.0  0.0  0.0  0.0  0.0  0.0  0.0  0.0  0.0  0.0  0.0  0.0  0.0  0.0  0.7  0.0  0.0  0.0  1.3  3.3  0.0  4.7  0.0  4.0  2.7  0.7  16.0  0.7  26.0  30.7  14.7  16.7  18.0  11.3  4.0  32.0  30.0  20.0  16.7  32.0  32.7  36.7  41.3  38.0  24.0  42.0  54.0  44.0  45.3  36.7  43.3  46.7  44.7  45.3  47.3  54.7  36.7  46.0  Time taken: 12.18
0.0  0.0  0.0  0.0  0.0  0.0  0.0  0.0  0.0  0.0  0.0  0.0  0.0  0.0  0.0  0.0  0.0  0.0  0.0  0.0  0.0  0.0  0.0  0.0  0.0  0.0  0.7  0.0  0.0  0.0  0.0  0.0  4.0  0.0  0.0  1.3  1.3  10.7  1.3  9.3  5.3  2.0  11.3  30.0  8.7  18.7  16.7  30.7  11.3  6.7  29.3  16.0  31.3  24.7  27.3  28.7  25.3  24.0  32.0  33.3  38.0  27.3  42.0  29.3  Time taken: 12.66
0.0  0.0  0.0  0.0  0.0  0.0  0.0  0.0  0.0  0.0  0.0  0.0  0.0  0.0  0.0  0.0  0.0  0.0  0.0  0.0  0.0  0.0  2.0  0.0  3.3  0.0  0.0  0.0  2.0  7.3  0.7  6.0  5.3  8.7  0.7  4.0  0.0  7.3  3.3  10.7  4.7  8.0  21.3  18.0  30.7  20.0  26.7  25.3  26.0  17.3  23.3  36.0  23.3  23.3  29.3  42.7  26.7  26.0  28.7  30.7  22.7  56.0  40.7  38.7  Time taken: 12.55
0.0  0.0  0.0  0.0  0.0  0.0  0.0  0.0  0.0  0.0  0.0  0.0  0.0  0.0  0.0  0.0  0.0  0.0  0.0  0.0  0.0  0.0  0.0  0.0  0.0  0.0  0.0  4.0  2.7  0.7  0.0  2.0  17.3  1.3  1.3  4.0  7.3  16.0  13.3  14.7  2.0  23.3  12.0  25.3  20.7  22.7  9.3  29.3  24.0  43.3  32.0  36.0  33.3  42.0  28.0  32.0  40.7  43.3  43.3  43.3  37.3  44.7  48.7  41.3  Time taken: 12.46
0.0  0.0  0.0  0.0  0.0  0.0  0.0  0.0  0.0  0.0  0.0  0.0  0.0  0.0  0.0  0.0  0.0  0.0  0.0  0.0  0.0  0.0  0.0  1.3  0.0  0.0  2.7  2.0  0.0  0.7  10.0  2.0  0.0  2.7  6.0  5.3  14.0  16.7  20.0  11.3  23.3  8.7  14.7  9.3  14.7  31.3  26.0  28.7  24.7  26.7  22.0  30.0  21.3  23.3  27.3  24.7  22.7  20.0  46.7  42.0  42.7  31.3  28.7  45.3  Time taken: 12.47
0.0  0.0  0.0  0.0  0.0  0.0  0.0  0.0  0.0  0.0  0.0  0.0  0.0  0.0  0.0  0.0  0.0  0.0  0.0  0.0  0.0  0.0  0.0  0.0  0.0  1.3  2.0  0.7  0.7  0.0  3.3  0.7  8.7  6.0  12.7  6.0  22.7  11.3  11.3  10.0  9.3  4.7  22.7  26.7  22.0  26.7  20.0  25.3  23.3  31.3  34.7  30.0  34.0  48.0  46.0  29.3  31.3  47.3  42.0  43.3  56.7  48.0  26.7  33.3  Time taken: 12.57
0.0  0.0  0.0  0.0  0.0  0.0  0.0  0.0  0.0  0.0  0.0  0.0  0.0  0.0  0.0  0.0  0.0  0.0  0.0  0.0  0.0  0.0  0.0  0.0  0.0  0.0  0.0  0.0  0.0  0.0  0.0  1.3  0.0  0.7  6.7  2.0  0.7  0.0  1.3  10.0  8.7  18.0  17.3  28.0  8.7  7.3  10.0  22.0  33.3  32.7  27.3  20.0  33.3  14.0  28.7  29.3  24.7  24.7  39.3  34.7  41.3  28.7  51.3  34.0  Time taken: 13.07
0.0  0.0  0.0  0.0  0.0  0.0  0.0  0.0  0.0  0.0  0.0  0.0  0.0  0.0  0.0  0.0  0.0  0.0  0.0  0.0  0.0  0.0  0.0  0.0  0.0  0.0  0.0  0.0  0.0  0.0  0.7  4.0  2.0  0.0  0.0  8.7  8.0  0.0  8.0  16.7  5.3  16.0  14.0  1.3  12.0  36.7  16.7  12.0  16.0  26.7  18.7  24.7  20.7  34.7  38.7  12.7  24.0  32.0  26.7  26.7  47.3  35.3  42.0  40.0  Time taken: 12.67
0.0  0.0  0.0  0.0  0.0  0.0  0.0  0.0  0.0  0.0  0.0  0.0  0.0  0.0  0.0  0.0  0.0  0.0  0.0  0.0  0.0  0.0  0.0  0.0  0.0  0.0  0.0  0.0  0.0  0.0  0.0  4.7  0.0  0.7  0.0  3.3  0.7  4.0  3.3  10.0  12.7  16.7  8.0  18.0  16.0  13.3  12.0  29.3  11.3  14.0  6.0  22.7  10.0  18.7  45.3  25.3  16.7  17.3  40.7  38.7  37.3  38.0  33.3  40.7  Time taken: 13.22
0.0  0.0  0.0  0.0  0.0  0.0  0.0  0.0  0.0  0.0  0.0  0.0  0.0  0.0  0.0  0.0  0.0  0.0  0.0  0.0  0.0  0.0  0.0  0.0  0.0  0.0  2.0  0.0  0.0  0.7  0.0  2.0  4.0  0.0  1.3  0.7  5.3  6.0  8.7  1.3  4.0  19.3  12.7  26.0  16.7  18.0  19.3  28.0  34.7  51.3  44.7  47.3  20.7  41.3  37.3  24.0  26.7  26.0  30.7  32.7  32.7  37.3  46.0  38.0  Time taken: 13.05
0.0  0.0  0.0  0.0  0.0  0.0  0.0  0.0  0.0  0.0  0.0  0.0  0.0  0.0  0.0  0.0  0.0  0.0  0.0  0.0  0.0  0.0  0.0  0.0  0.0  0.0  0.0  2.0  0.0  0.0  0.0  0.0  1.3  2.0  3.3  8.0  3.3  8.0  10.7  12.0  4.0  6.7  13.3  9.3  0.7  25.3  26.0  8.7  26.0  20.7  20.7  14.7  25.3  22.0  28.0  34.7  35.3  46.0  39.3  44.7  24.7  48.7  46.0  40.0  Time taken: 13.10
0.0  0.0  0.0  0.0  0.0  0.0  0.0  0.0  0.0  0.0  0.0  0.0  0.0  0.0  0.0  0.0  0.0  0.0  0.0  0.0  0.0  0.0  0.0  0.7  0.0  0.0  0.0  0.0  4.0  2.7  5.3  0.7  6.0  0.0  4.0  6.7  0.7  0.0  14.0  24.7  20.0  8.7  24.0  20.0  18.7  20.0  5.3  15.3  22.7  32.0  12.0  18.0  32.0  45.3  41.3  20.7  29.3  44.7  30.0  33.3  30.0  47.3  28.7  42.0  Time taken: 13.02
0.0  0.0  0.0  0.0  0.0  0.0  0.0  0.0  0.0  0.0  0.0  0.0  0.0  0.0  0.0  0.0  2.0  0.0  0.0  0.0  0.0  0.0  0.0  2.0  0.0  0.7  0.0  2.0  12.7  7.3  4.7  9.3  16.0  21.3  25.3  28.0  33.3  12.7  23.3  32.7  32.7  20.7  17.3  34.7  32.0  18.7  34.0  30.0  40.7  44.0  45.3  44.0  42.7  45.3  42.7  52.0  45.3  48.0  57.3  54.0  50.7  51.3  51.3  47.3  Time taken: 11.93
0.0  0.0  0.0  0.0  0.0  0.0  0.0  0.0  0.0  0.0  0.0  0.0  0.0  0.0  0.0  0.0  0.0  0.0  0.0  0.0  0.0  0.0  0.0  0.0  0.0  0.0  0.0  0.0  0.0  0.0  3.3  1.3  4.7  0.0  1.3  0.7  0.0  2.7  24.7  12.0  4.7  8.0  8.7  8.0  12.7  12.0  14.7  8.7  21.3  28.0  17.3  16.0  38.0  22.0  31.3  26.7  26.7  23.3  45.3  25.3  56.0  41.3  38.0  34.7  Time taken: 12.70
0.0  0.0  0.0  0.0  0.0  0.0  0.0  0.0  0.0  0.0  0.0  0.0  0.0  0.0  0.0  0.0  0.0  0.0  0.0  0.0  0.0  0.0  0.0  0.0  0.0  0.0  0.0  0.7  6.7  1.3  0.0  8.0  2.0  9.3  0.7  10.7  24.0  2.7  12.0  0.7  14.0  18.0  17.3  18.7  22.7  20.0  26.0  21.3  18.7  18.7  28.7  31.3  24.7  29.3  36.0  36.0  32.0  39.3  38.7  40.7  32.0  25.3  56.7  44.7  Time taken: 12.67
0.0  0.0  0.0  0.0  0.0  0.0  0.0  0.0  0.0  0.0  0.0  0.0  0.0  0.0  0.0  0.0  0.0  0.0  0.0  0.0  0.0  0.0  0.0  0.0  0.0  0.0  0.0  0.0  0.0  1.3  0.0  0.0  0.0  2.0  0.0  0.0  2.0  10.0  2.7  0.0  1.3  4.7  4.7  8.0  25.3  26.0  6.7  14.0  8.7  21.3  13.3  15.3  30.7  11.3  28.0  36.7  22.0  15.3  25.3  32.0  20.0  30.0  30.7  34.0  Time taken: 13.32
