0.0  0.0  0.0  0.0  4.0  1.3  12.0  2.0  15.3  22.0  33.3  34.7  38.7  52.7  40.7  44.7  46.0  52.0  52.0  48.0  43.3  59.3  62.7  54.0  63.3  60.7  70.7  72.7  60.0  71.3  68.7  72.7  82.0  78.0  79.3  82.7  80.0  80.0  76.0  69.3  85.3  68.7  74.7  90.7  82.7  77.3  86.0  74.0  80.0  85.3  84.0  77.3  83.3  78.7  83.3  79.3  82.7  88.0  84.0  82.0  90.0  88.7  87.3  87.3  Time taken: 4.86
0.0  0.0  0.0  0.0  0.0  5.3  4.7  10.7  25.3  30.7  19.3  41.3  24.7  44.7  50.7  46.0  38.0  61.3  54.0  60.0  65.3  67.3  48.7  62.0  54.7  66.0  71.3  68.7  67.3  67.3  74.7  73.3  72.7  68.0  70.7  76.7  82.0  72.0  68.0  76.0  84.7  69.3  78.0  68.7  78.0  82.7  85.3  82.0  87.3  77.3  78.0  86.7  82.7  81.3  86.7  76.7  90.0  82.0  90.0  80.7  90.0  88.0  88.7  74.7  Time taken: 4.96
0.7  0.0  0.0  0.7  4.0  2.7  10.0  12.0  8.7  31.3  14.7  21.3  26.7  33.3  50.0  49.3  36.0  54.0  56.0  60.0  62.7  55.3  60.7  60.7  72.0  67.3  60.7  61.3  77.3  60.0  68.0  63.3  74.7  78.7  75.3  77.3  74.0  72.7  82.0  71.3  66.0  78.7  77.3  82.7  80.0  81.3  81.3  82.7  79.3  86.0  86.7  84.0  80.0  79.3  87.3  82.7  84.7  78.7  82.0  88.7  87.3  84.0  82.0  86.7  Time taken: 4.75
0.0  0.0  0.0  0.0  0.0  2.7  9.3  8.7  16.7  20.0  36.7  27.3  42.7  27.3  32.7  49.3  55.3  50.0  40.0  66.0  55.3  66.7  52.0  59.3  61.3  65.3  66.7  68.0  68.0  74.7  61.3  72.7  74.7  73.3  78.7  79.3  68.0  74.0  82.0  78.7  78.7  74.7  75.3  81.3  84.0  77.3  75.3  84.0  84.7  81.3  82.7  77.3  75.3  85.3  78.7  90.7  86.0  87.3  86.0  82.7  83.3  87.3  86.7  84.7  Time taken: 4.82
0.0  0.0  0.0  0.0  0.7  4.0  4.7  8.0  13.3  20.0  23.3  43.3  49.3  38.7  38.0  47.3  42.0  52.7  56.0  65.3  54.7  60.0  64.7  72.7  60.0  57.3  66.0  58.7  70.0  74.0  60.7  75.3  65.3  61.3  72.0  68.0  70.0  72.7  87.3  78.0  86.0  81.3  68.7  78.0  75.3  84.0  81.3  80.7  81.3  80.0  82.7  86.0  84.0  78.0  82.0  74.7  86.7  92.0  87.3  87.3  85.3  86.7  82.7  88.0  Time taken: 4.70
0.0  0.0  0.0  0.0  1.3  2.0  10.0  4.0  12.7  9.3  10.7  32.7  42.7  37.3  36.0  48.0  53.3  41.3  46.7  55.3  50.0  59.3  58.7  63.3  58.7  64.0  75.3  66.7  68.7  60.0  72.0  64.0  66.7  67.3  73.3  76.0  72.7  73.3  72.7  79.3  73.3  78.7  77.3  76.7  83.3  81.3  73.3  85.3  84.0  88.7  84.0  86.0  80.0  70.0  85.3  78.0  82.0  80.7  88.0  79.3  87.3  82.0  86.7  85.3  Time taken: 4.85
0.0  0.0  0.0  0.0  4.0  8.7  6.7  11.3  25.3  25.3  31.3  32.0  44.7  34.0  48.7  34.7  57.3  58.7  54.7  48.7  62.0  62.0  58.7  68.7  66.0  60.0  58.7  68.0  62.0  73.3  74.7  71.3  67.3  67.3  74.0  73.3  75.3  78.7  74.0  70.0  85.3  71.3  82.7  80.7  74.0  86.7  79.3  82.0  79.3  86.0  76.0  88.0  80.0  77.3  80.0  86.7  80.0  84.7  87.3  85.3  84.0  78.7  82.7  88.7  Time taken: 4.84
0.0  0.0  0.0  0.0  1.3  10.7  15.3  12.0  24.7  28.0  28.0  36.0  22.7  26.7  40.7  50.0  50.0  30.0  54.7  46.0  60.7  61.3  54.0  62.0  69.3  69.3  72.7  63.3  76.0  62.7  75.3  67.3  67.3  76.0  72.0  76.0  70.7  70.0  76.7  79.3  76.7  78.7  74.7  80.7  82.0  78.7  76.7  80.7  80.7  80.0  80.0  82.7  85.3  86.7  81.3  76.7  81.3  78.7  84.7  79.3  92.7  85.3  90.7  78.0  Time taken: 4.96
0.7  0.0  0.0  0.0  1.3  3.3  10.0  7.3  19.3  22.0  30.7  37.3  36.0  26.7  44.7  48.7  55.3  50.0  60.7  60.7  58.0  68.7  62.0  68.0  68.7  62.7  64.7  63.3  65.3  70.7  78.7  66.7  75.3  68.0  80.0  58.7  80.7  70.7  74.7  80.7  78.7  79.3  82.0  76.0  80.7  72.0  85.3  86.0  80.7  86.7  84.7  76.7  88.7  84.0  85.3  78.0  91.3  84.0  86.0  88.7  85.3  87.3  82.0  86.0  Time taken: 4.80
0.0  0.0  0.0  0.0  3.3  7.3  14.0  12.0  21.3  20.0  35.3  33.3  25.3  31.3  42.7  44.7  48.0  50.7  45.3  62.7  53.3  63.3  54.7  63.3  61.3  62.0  59.3  60.0  62.7  71.3  64.0  69.3  74.0  71.3  76.0  74.0  80.7  76.7  68.0  78.7  72.7  78.0  77.3  77.3  76.7  75.3  85.3  84.0  82.7  84.0  74.7  84.7  74.7  83.3  85.3  84.7  79.3  86.0  88.0  86.0  85.3  85.3  85.3  84.7  Time taken: 4.84
0.0  0.0  0.0  0.0  0.7  7.3  2.0  10.0  26.0  29.3  33.3  44.0  34.0  38.7  41.3  44.7  59.3  32.7  58.0  54.7  66.7  62.7  61.3  72.7  59.3  68.7  54.0  66.7  66.0  74.0  70.0  74.7  78.7  78.7  77.3  76.0  70.7  80.0  76.7  86.0  84.0  78.0  83.3  76.0  84.0  80.7  82.0  82.0  84.0  81.3  84.0  83.3  84.7  83.3  75.3  80.7  82.0  84.7  86.7  81.3  87.3  83.3  88.0  87.3  Time taken: 4.91
0.0  0.0  0.0  0.0  0.0  1.3  12.0  4.0  16.0  21.3  16.0  32.0  33.3  32.7  48.0  52.0  44.7  50.0  51.3  55.3  58.0  60.7  68.7  62.7  64.0  58.0  67.3  68.7  72.0  78.7  70.7  61.3  76.0  69.3  79.3  80.0  75.3  75.3  72.0  76.0  83.3  77.3  82.7  84.0  78.0  74.7  76.7  76.7  78.7  83.3  88.0  84.0  83.3  84.7  80.0  84.7  88.0  80.0  84.7  82.7  78.7  85.3  85.3  89.3  Time taken: 4.83
1.3  0.0  0.0  1.3  0.0  3.3  6.7  19.3  23.3  19.3  32.0  32.7  39.3  48.0  41.3  56.0  59.3  44.7  52.0  52.0  67.3  57.3  64.7  44.7  64.7  62.0  68.0  70.0  77.3  68.0  71.3  68.7  68.0  63.3  62.7  68.7  78.7  73.3  78.7  82.7  78.0  72.7  88.7  81.3  80.7  80.0  80.0  80.0  80.7  80.0  83.3  84.0  78.7  88.7  83.3  81.3  78.7  84.7  88.0  81.3  90.7  84.7  83.3  84.7  Time taken: 4.81
2.0  0.0  0.0  0.0  2.0  2.7  13.3  19.3  20.0  19.3  31.3  30.0  28.0  36.7  38.0  46.7  41.3  55.3  45.3  59.3  59.3  59.3  58.7  58.0  72.0  51.3  56.7  60.7  65.3  68.7  66.0  67.3  73.3  76.7  72.7  68.0  74.0  76.0  82.7  71.3  74.7  72.0  84.7  78.0  84.7  78.0  84.0  84.0  84.7  76.7  76.0  79.3  84.7  79.3  83.3  80.0  84.7  89.3  84.7  88.0  80.0  88.7  74.7  83.3  Time taken: 4.87
0.0  0.0  0.0  0.0  0.0  2.0  2.7  22.7  8.7  28.0  42.7  38.0  30.0  46.0  47.3  50.7  64.0  47.3  45.3  54.0  61.3  63.3  59.3  54.7  66.7  66.7  64.0  60.0  67.3  57.3  68.7  74.7  74.7  67.3  83.3  74.7  68.0  78.7  72.7  81.3  73.3  78.7  73.3  82.7  76.0  77.3  81.3  79.3  80.7  82.0  87.3  84.7  79.3  84.7  82.0  81.3  88.7  86.0  80.7  83.3  82.7  90.0  84.7  80.0  Time taken: 4.91
0.0  0.0  0.0  2.0  4.7  2.7  6.7  11.3  22.0  25.3  21.3  36.7  42.7  42.0  43.3  50.7  46.7  52.0  55.3  60.0  59.3  62.7  58.0  59.3  52.7  57.3  58.0  70.0  60.0  57.3  68.0  72.0  69.3  77.3  72.7  72.0  80.7  77.3  72.0  77.3  81.3  76.0  78.7  80.0  69.3  89.3  79.3  81.3  70.0  78.7  74.7  75.3  84.0  87.3  80.7  84.7  87.3  82.7  89.3  80.0  89.3  81.3  86.7  83.3  Time taken: 4.82
0.0  0.0  0.0  0.0  1.3  7.3  7.3  4.7  19.3  16.0  35.3  31.3  39.3  40.0  38.0  43.3  41.3  59.3  54.0  66.0  63.3  56.7  60.7  60.0  68.0  76.0  66.7  64.7  70.0  68.7  60.7  74.7  69.3  72.7  80.0  74.0  76.0  72.7  73.3  77.3  73.3  80.0  78.0  80.7  78.0  78.0  84.0  80.7  82.0  82.0  80.0  82.0  84.0  78.7  88.7  84.7  81.3  76.0  79.3  86.7  84.7  83.3  81.3  78.0  Time taken: 4.91
0.0  0.0  0.0  0.7  8.7  4.7  16.0  10.7  24.0  25.3  24.0  32.7  36.0  45.3  45.3  48.7  51.3  47.3  46.0  63.3  58.7  48.7  52.7  56.7  61.3  64.7  62.7  73.3  64.0  72.0  76.0  77.3  76.7  76.0  69.3  74.0  76.0  68.0  79.3  75.3  78.0  86.0  71.3  81.3  76.0  83.3  84.7  75.3  86.7  82.0  80.0  81.3  89.3  77.3  82.0  84.7  81.3  84.0  86.7  86.0  84.7  90.0  86.7  86.0  Time taken: 4.90
0.0  0.0  0.0  0.0  0.0  0.7  3.3  22.0  20.7  38.7  18.7  22.0  28.0  34.0  42.7  38.7  45.3  55.3  46.0  57.3  56.7  55.3  64.0  57.3  62.7  57.3  71.3  64.7  70.0  68.7  70.7  74.0  67.3  66.0  75.3  70.7  69.3  74.0  74.7  78.7  76.7  75.3  80.7  76.0  76.0  82.0  78.7  91.3  78.0  82.7  84.7  86.7  79.3  85.3  81.3  85.3  86.0  86.0  80.0  81.3  78.0  81.3  91.3  84.7  Time taken: 4.76
0.0  0.0  0.0  0.7  0.0  3.3  9.3  8.0  22.0  26.0  28.7  36.0  28.0  40.0  39.3  54.7  42.0  55.3  58.0  58.0  64.7  56.0  55.3  68.7  66.0  74.7  73.3  65.3  64.0  68.0  72.0  79.3  64.0  76.7  72.7  77.3  78.0  77.3  70.0  78.7  81.3  76.0  80.7  80.0  84.0  81.3  82.0  77.3  83.3  77.3  86.0  82.7  82.0  76.7  80.7  81.3  84.0  83.3  82.7  94.0  83.3  72.7  85.3  85.3  Time taken: 4.81
