0.0  0.0  0.0  0.0  2.0  2.7  4.7  23.3  17.3  18.7  20.7  33.3  32.7  34.0  44.0  26.0  52.0  38.0  60.7  46.0  54.0  63.3  64.7  70.7  65.3  64.7  64.7  66.7  72.7  69.3  64.0  72.0  81.3  69.3  70.7  73.3  72.7  81.3  76.7  74.0  76.0  77.3  82.0  84.0  80.0  84.7  76.0  78.0  81.3  80.0  77.3  84.0  76.7  74.7  78.7  92.0  81.3  84.0  86.0  86.7  82.7  90.0  87.3  84.0  Time taken: 4.92
0.7  0.0  0.0  0.0  2.0  6.0  17.3  10.7  22.7  32.0  30.7  22.0  28.7  36.0  43.3  48.7  51.3  56.7  56.7  54.0  60.7  52.7  57.3  78.0  65.3  64.7  70.7  68.0  63.3  67.3  68.7  63.3  74.0  80.7  72.0  82.0  64.7  80.0  80.7  83.3  82.7  82.0  77.3  72.0  75.3  84.7  79.3  76.7  81.3  77.3  80.7  80.0  83.3  88.7  82.7  84.7  86.0  82.7  82.7  86.7  86.7  85.3  88.0  85.3  Time taken: 4.84
0.0  0.0  0.0  1.3  0.0  3.3  9.3  9.3  18.0  13.3  29.3  23.3  42.0  32.0  34.0  43.3  46.7  53.3  42.7  58.7  49.3  62.7  48.0  64.7  69.3  75.3  69.3  78.0  70.7  72.7  78.0  72.0  72.7  68.0  75.3  70.0  76.0  76.7  74.7  74.7  78.0  72.0  84.0  82.0  76.0  81.3  80.0  78.7  80.0  80.7  78.7  86.0  78.7  78.7  93.3  80.7  87.3  78.0  88.0  85.3  90.7  79.3  83.3  86.0  Time taken: 4.91
0.0  0.0  0.0  1.3  0.0  2.7  4.7  4.0  18.7  14.7  22.7  26.0  37.3  38.0  43.3  48.0  54.7  53.3  47.3  55.3  61.3  62.7  55.3  64.7  71.3  59.3  70.7  58.7  76.7  68.0  70.7  68.0  72.0  76.0  76.0  73.3  73.3  77.3  71.3  82.7  78.7  71.3  82.7  73.3  75.3  86.0  78.0  88.7  81.3  77.3  86.7  86.7  84.0  86.0  82.0  92.7  80.7  82.7  82.7  84.7  80.0  88.0  82.7  81.3  Time taken: 4.75
0.7  0.0  0.0  0.0  0.7  14.0  8.7  15.3  24.7  22.7  22.7  26.0  26.0  44.7  44.7  38.7  57.3  51.3  52.0  62.7  53.3  61.3  52.0  62.0  60.7  56.7  57.3  72.0  72.0  71.3  67.3  64.0  76.7  71.3  82.0  66.7  78.7  70.7  74.7  81.3  66.7  80.0  78.7  86.0  84.0  85.3  77.3  81.3  83.3  78.7  79.3  78.0  84.7  79.3  84.0  78.7  74.0  83.3  85.3  86.7  82.0  80.0  85.3  87.3  Time taken: 4.83
1.3  0.0  0.7  2.7  0.7  4.7  26.7  12.7  10.0  27.3  24.7  27.3  40.7  40.0  51.3  40.0  34.7  52.7  51.3  56.0  56.7  61.3  62.0  52.7  68.7  62.0  60.7  70.7  69.3  70.7  68.0  83.3  76.0  77.3  82.7  76.0  82.0  68.7  73.3  79.3  66.7  72.7  84.0  68.7  80.0  77.3  80.7  79.3  72.7  77.3  80.7  80.0  81.3  85.3  84.7  89.3  85.3  80.7  78.7  82.7  84.0  82.7  86.7  84.7  Time taken: 4.85
0.0  0.0  0.0  0.0  4.0  2.0  6.0  4.0  19.3  33.3  25.3  35.3  40.0  44.7  48.0  48.7  60.7  54.7  58.7  43.3  62.0  63.3  74.0  68.7  65.3  69.3  64.0  70.0  76.7  74.7  66.7  72.7  68.0  69.3  78.0  74.7  75.3  79.3  84.0  78.7  74.7  76.7  74.7  80.0  76.7  85.3  80.0  78.0  76.0  82.7  86.0  71.3  79.3  80.7  80.0  88.7  87.3  90.7  84.7  73.3  81.3  82.7  85.3  90.0  Time taken: 4.78
0.0  0.0  0.0  0.7  2.0  11.3  10.7  4.7  11.3  24.7  33.3  40.0  30.0  36.0  44.0  44.0  42.7  39.3  49.3  56.7  66.7  66.0  59.3  68.7  66.7  68.0  74.7  64.0  68.7  63.3  67.3  73.3  68.0  70.0  71.3  73.3  72.0  68.0  76.7  74.0  77.3  72.7  80.0  76.7  79.3  83.3  79.3  78.7  80.7  76.0  78.7  78.7  83.3  83.3  76.7  81.3  84.7  86.0  81.3  86.0  88.0  84.0  84.7  81.3  Time taken: 4.75
0.0  0.0  0.0  0.7  0.7  8.0  4.0  11.3  24.0  24.0  24.0  32.0  34.7  30.0  42.7  40.0  45.3  44.0  61.3  45.3  54.0  61.3  53.3  57.3  60.7  73.3  62.7  65.3  68.0  70.7  64.0  60.0  69.3  70.7  76.7  74.0  73.3  72.7  78.0  78.7  81.3  74.0  80.7  78.7  80.0  78.0  72.0  80.0  80.0  86.7  82.0  77.3  73.3  74.0  85.3  78.0  83.3  83.3  87.3  79.3  92.0  81.3  85.3  85.3  Time taken: 4.88
0.0  0.0  0.0  0.0  8.0  3.3  7.3  9.3  10.0  20.0  27.3  30.0  36.0  41.3  39.3  43.3  50.7  47.3  52.7  66.0  52.0  60.7  62.0  66.7  64.7  67.3  61.3  78.7  66.0  72.7  74.0  72.0  60.7  71.3  73.3  79.3  64.0  76.7  79.3  70.0  72.7  82.0  70.0  79.3  70.0  83.3  77.3  83.3  75.3  80.0  82.0  78.0  72.7  84.0  79.3  85.3  84.7  84.0  74.7  82.7  84.7  88.7  80.7  86.0  Time taken: 4.83
0.0  0.0  0.7  0.7  8.0  3.3  12.7  4.0  14.0  18.7  36.7  43.3  27.3  31.3  38.7  40.0  50.7  53.3  53.3  55.3  42.7  64.0  58.0  70.0  61.3  65.3  57.3  68.0  68.0  62.0  82.7  70.0  79.3  72.0  72.0  77.3  76.7  71.3  73.3  78.0  68.0  77.3  77.3  73.3  85.3  80.0  76.7  80.7  84.7  82.7  84.0  84.7  83.3  82.7  80.0  85.3  87.3  85.3  83.3  78.7  80.0  86.7  86.0  83.3  Time taken: 4.85
0.0  0.0  0.0  0.7  0.7  4.7  8.7  15.3  13.3  12.7  22.0  21.3  43.3  41.3  53.3  36.0  47.3  52.0  58.0  56.7  56.0  61.3  66.7  60.7  59.3  67.3  74.0  59.3  71.3  70.0  66.7  76.0  76.7  78.0  80.7  77.3  73.3  80.7  74.7  85.3  82.0  82.0  79.3  80.7  82.0  85.3  82.0  84.0  82.0  86.0  85.3  86.7  82.7  78.0  86.7  88.7  84.7  86.0  81.3  93.3  86.0  88.0  87.3  87.3  Time taken: 5.00
0.0  0.0  0.0  0.0  0.7  1.3  9.3  7.3  21.3  18.0  30.0  24.0  44.7  44.7  35.3  48.7  58.0  44.7  62.7  57.3  50.7  54.7  60.7  63.3  63.3  57.3  66.7  71.3  60.7  69.3  72.7  71.3  71.3  70.7  75.3  67.3  70.0  84.0  72.7  70.0  83.3  72.7  88.7  78.0  80.7  82.7  83.3  85.3  78.7  80.7  81.3  82.7  85.3  89.3  76.0  82.0  88.7  81.3  84.7  83.3  84.0  84.0  84.7  88.7  Time taken: 4.93
0.7  0.0  0.0  0.0  0.0  4.7  8.7  8.7  12.7  28.7  36.7  33.3  38.0  38.7  43.3  42.7  44.7  53.3  49.3  60.7  46.7  61.3  70.7  58.7  59.3  62.0  74.0  64.0  62.7  73.3  68.7  61.3  72.7  77.3  78.7  76.7  80.0  77.3  84.7  82.0  75.3  73.3  78.7  74.7  80.7  85.3  70.7  83.3  80.7  79.3  83.3  82.0  79.3  82.7  89.3  78.7  82.7  86.0  83.3  86.7  86.7  83.3  92.0  88.0  Time taken: 4.70
0.7  0.0  0.0  0.0  1.3  3.3  2.0  12.0  10.7  14.7  19.3  29.3  26.7  30.0  36.7  36.7  42.7  46.7  52.7  55.3  51.3  59.3  67.3  64.0  57.3  62.0  68.7  70.0  67.3  79.3  66.0  72.7  72.7  79.3  80.0  86.7  71.3  76.0  75.3  81.3  75.3  76.7  77.3  78.0  79.3  80.7  75.3  83.3  86.7  85.3  81.3  86.0  85.3  81.3  76.7  80.7  88.0  82.7  89.3  82.7  86.0  84.7  83.3  82.7  Time taken: 4.84
0.0  0.0  0.0  0.0  1.3  0.0  10.7  12.0  10.7  27.3  28.7  34.0  15.3  32.0  44.7  46.0  62.7  40.7  58.7  52.7  54.0  59.3  62.7  54.7  58.0  63.3  60.0  70.0  78.0  63.3  72.0  72.7  79.3  66.0  77.3  78.0  74.7  82.7  81.3  75.3  74.0  72.0  79.3  78.7  77.3  78.7  82.7  76.0  78.7  77.3  75.3  75.3  85.3  87.3  81.3  80.0  83.3  82.7  85.3  86.0  79.3  84.0  86.7  86.0  Time taken: 4.80
0.0  0.0  0.0  2.0  4.7  0.0  11.3  18.7  17.3  31.3  22.0  47.3  26.7  43.3  58.7  59.3  50.7  52.0  52.0  56.0  54.7  60.0  63.3  70.0  63.3  67.3  66.0  72.7  60.7  66.7  62.0  72.7  70.0  72.7  67.3  70.0  77.3  79.3  76.0  80.0  77.3  72.7  82.0  82.7  79.3  84.0  80.0  84.7  86.7  80.7  82.7  78.7  73.3  88.7  82.7  87.3  81.3  82.0  84.0  82.7  78.7  89.3  87.3  86.0  Time taken: 4.93
0.0  0.0  0.0  0.0  2.0  2.7  8.7  12.7  21.3  22.0  33.3  40.7  24.0  18.0  42.7  39.3  54.0  55.3  58.7  53.3  58.7  70.7  54.7  54.0  62.0  63.3  63.3  75.3  61.3  72.7  68.7  71.3  68.7  62.7  70.7  71.3  78.0  76.7  80.7  76.0  74.7  80.0  78.7  75.3  82.0  84.0  78.7  75.3  81.3  84.7  76.0  76.0  81.3  84.7  84.0  83.3  80.7  88.0  76.7  84.7  86.0  83.3  84.7  88.7  Time taken: 4.96
0.7  0.0  0.0  0.0  4.7  4.7  25.3  24.0  24.7  27.3  42.7  35.3  38.7  46.7  39.3  38.7  48.7  46.7  54.0  50.0  58.0  62.0  54.7  67.3  63.3  66.7  69.3  60.7  66.7  70.7  66.7  72.7  69.3  74.7  60.7  79.3  79.3  72.7  74.7  77.3  78.0  80.7  76.7  74.0  78.7  82.0  79.3  72.7  74.7  82.7  89.3  88.0  80.7  74.0  84.0  75.3  82.0  84.7  90.0  76.7  86.7  86.0  78.0  86.7  Time taken: 4.82
0.7  0.0  0.0  0.0  1.3  1.3  16.0  13.3  18.7  19.3  26.0  34.7  37.3  46.7  44.0  49.3  56.7  44.7  52.0  60.7  62.7  56.7  65.3  64.7  57.3  69.3  54.7  67.3  66.7  65.3  60.7  73.3  72.0  79.3  70.0  74.0  72.0  75.3  80.0  78.0  79.3  81.3  82.0  80.0  71.3  78.7  84.0  77.3  84.7  86.7  81.3  80.7  84.0  83.3  78.7  85.3  83.3  72.0  82.7  86.0  88.0  84.0  86.0  86.7  Time taken: 4.82
