0.0  0.0  0.0  0.0  0.0  0.0  0.0  0.0  0.0  0.0  0.0  0.0  0.0  0.0  2.7  8.0  7.3  0.7  4.0  6.7  6.0  10.0  16.0  19.3  28.0  8.0  32.7  13.3  25.3  24.7  46.7  34.7  30.0  36.7  44.0  39.3  33.3  34.7  46.0  38.0  53.3  55.3  64.0  52.7  47.3  49.3  38.0  57.3  50.7  52.7  65.3  54.0  59.3  55.3  63.3  53.3  54.7  60.7  64.0  62.0  62.7  59.3  65.3  68.7  Time taken: 12.53
0.0  0.0  0.0  0.0  0.0  0.0  0.0  0.0  0.0  0.0  0.0  0.0  4.7  0.0  3.3  4.0  4.7  0.7  5.3  3.3  4.0  20.0  13.3  20.7  18.7  29.3  29.3  19.3  38.7  31.3  29.3  32.0  30.7  46.7  42.7  43.3  50.7  32.0  38.0  47.3  60.7  56.0  40.0  46.7  56.7  62.0  47.3  58.7  59.3  66.7  62.0  62.7  55.3  57.3  66.7  67.3  67.3  56.7  52.0  58.0  62.0  68.0  73.3  60.7  Time taken: 12.33
0.0  0.0  0.0  0.0  0.0  0.0  0.0  0.0  0.0  0.0  0.0  0.0  0.0  4.7  3.3  3.3  10.0  5.3  5.3  12.0  2.0  10.7  8.7  25.3  22.0  18.0  20.7  22.0  29.3  34.7  42.0  24.7  29.3  48.0  37.3  35.3  42.0  40.7  46.0  64.0  60.7  43.3  48.0  55.3  55.3  40.7  44.0  58.7  60.0  56.0  54.7  58.0  61.3  68.7  58.7  52.0  65.3  60.7  60.7  68.0  57.3  62.7  72.0  62.7  Time taken: 12.69
0.7  0.0  0.0  0.0  0.0  0.0  0.0  0.0  0.0  0.0  0.0  0.7  0.0  0.0  0.7  6.0  4.0  1.3  10.7  22.7  10.0  17.3  18.0  20.7  26.7  24.7  17.3  21.3  38.7  38.7  26.0  47.3  30.7  29.3  46.7  39.3  26.0  40.0  32.7  44.0  37.3  53.3  53.3  66.7  44.0  55.3  56.0  48.7  51.3  58.7  61.3  54.0  57.3  64.0  44.7  57.3  69.3  62.7  56.7  62.0  74.0  76.0  70.0  76.0  Time taken: 12.89
0.0  0.0  0.0  0.0  0.0  0.0  0.0  0.0  0.0  0.0  0.0  0.0  0.0  0.0  2.0  3.3  2.7  2.7  4.7  12.0  4.7  14.0  23.3  18.7  22.0  5.3  23.3  27.3  34.7  22.0  29.3  34.7  27.3  42.0  34.0  38.0  46.0  39.3  44.7  42.0  32.0  44.0  43.3  52.7  48.7  56.0  56.7  71.3  48.7  61.3  61.3  51.3  52.0  66.7  60.0  72.0  63.3  74.7  72.7  70.7  63.3  62.7  64.0  68.0  Time taken: 12.92
0.0  0.0  0.0  0.0  0.0  0.0  0.0  0.0  0.0  0.0  0.0  0.0  0.0  0.0  1.3  0.0  1.3  2.0  10.0  14.7  25.3  15.3  8.0  28.7  19.3  21.3  27.3  22.7  34.0  18.0  42.7  41.3  38.0  40.0  36.0  45.3  23.3  36.0  48.0  37.3  34.0  52.0  48.7  42.0  56.0  60.0  63.3  62.0  64.7  58.7  60.0  51.3  64.7  55.3  54.7  62.0  55.3  65.3  60.7  65.3  58.0  52.0  51.3  62.7  Time taken: 12.46
0.0  0.0  0.0  0.0  0.0  0.0  0.0  0.0  0.0  0.0  0.0  0.0  2.0  0.0  0.0  0.0  7.3  4.7  8.0  8.0  5.3  24.7  23.3  23.3  25.3  22.0  13.3  42.7  36.0  31.3  39.3  24.7  39.3  26.7  30.0  44.0  49.3  36.7  40.0  49.3  41.3  44.7  44.0  49.3  45.3  59.3  34.0  64.0  44.0  66.7  56.0  55.3  66.7  68.7  50.0  62.7  64.0  58.0  63.3  58.7  67.3  64.7  56.7  74.7  Time taken: 12.55
0.0  0.0  0.0  0.0  0.0  0.0  0.0  0.0  0.0  0.0  0.0  0.0  1.3  0.0  3.3  4.7  5.3  9.3  8.7  3.3  7.3  6.7  4.7  19.3  28.0  33.3  26.0  21.3  34.7  24.0  23.3  41.3  36.7  23.3  32.0  29.3  42.7  48.0  53.3  48.7  46.7  43.3  52.0  36.7  54.0  55.3  64.0  40.0  58.0  54.0  54.7  60.7  64.0  61.3  62.0  56.0  67.3  52.0  59.3  61.3  68.7  57.3  70.0  69.3  Time taken: 12.61
0.0  0.0  0.0  0.0  0.0  0.0  0.0  0.0  0.0  0.0  0.0  0.0  0.0  0.0  1.3  0.0  0.7  2.0  10.7  9.3  17.3  8.0  15.3  12.7  21.3  16.7  26.0  31.3  30.7  28.7  34.0  33.3  37.3  42.0  34.7  26.0  38.7  37.3  40.0  44.0  32.0  62.0  54.0  52.0  44.0  56.0  54.0  48.7  56.7  52.7  53.3  56.0  65.3  58.0  60.0  70.0  59.3  60.0  58.0  64.0  70.0  62.0  70.7  62.7  Time taken: 12.70
0.0  0.0  0.0  0.0  0.0  0.0  0.0  0.0  0.0  0.0  0.0  0.0  0.0  0.7  0.0  5.3  10.0  3.3  6.0  1.3  5.3  24.0  14.7  2.0  12.7  16.7  24.0  20.7  20.0  19.3  37.3  22.7  27.3  31.3  23.3  48.0  34.7  36.7  40.0  55.3  60.7  54.0  55.3  44.7  50.7  28.7  54.7  44.7  53.3  51.3  59.3  56.7  67.3  61.3  54.0  61.3  74.0  63.3  70.7  63.3  64.0  60.7  63.3  68.0  Time taken: 13.34
0.0  0.0  0.0  0.0  0.0  0.0  0.0  0.0  0.0  0.0  0.0  0.0  0.0  1.3  0.0  0.0  3.3  8.7  14.7  14.7  10.7  21.3  11.3  16.0  24.7  20.0  24.7  24.7  35.3  20.0  34.0  28.0  28.0  39.3  38.0  34.0  46.0  52.0  50.7  50.0  52.0  56.7  49.3  47.3  50.0  47.3  50.0  48.7  52.7  55.3  54.0  47.3  54.7  58.0  57.3  52.0  62.7  65.3  64.0  69.3  60.0  61.3  72.0  64.7  Time taken: 12.74
0.0  0.0  0.0  0.0  0.0  0.0  0.0  0.0  0.0  0.0  0.0  0.0  0.0  0.0  0.0  4.7  1.3  2.0  2.7  2.0  15.3  7.3  17.3  13.3  9.3  26.0  18.0  38.0  24.0  30.7  24.0  36.0  40.0  26.7  38.0  45.3  46.7  51.3  44.0  54.7  48.7  50.0  60.0  61.3  52.0  58.0  42.0  49.3  57.3  52.7  58.0  52.0  52.0  60.7  52.0  58.0  62.7  58.0  70.7  73.3  63.3  61.3  70.0  74.0  Time taken: 12.45
0.0  0.0  0.0  0.0  0.0  0.0  0.0  0.0  0.0  0.0  0.0  0.0  0.0  0.7  0.0  0.0  10.7  3.3  8.7  12.7  16.7  11.3  20.0  22.0  16.7  16.0  16.7  13.3  34.0  46.0  31.3  38.0  46.0  25.3  40.7  32.7  52.0  40.7  40.0  38.0  48.0  36.7  42.0  54.0  54.7  57.3  68.7  45.3  46.7  61.3  55.3  58.0  56.7  67.3  57.3  54.0  59.3  55.3  68.7  56.7  44.0  69.3  63.3  72.0  Time taken: 12.33
0.0  0.0  0.0  0.0  0.0  0.0  0.0  0.0  0.0  0.0  0.0  0.7  0.0  0.0  0.7  4.0  2.7  3.3  9.3  12.0  8.7  12.7  12.7  18.7  33.3  14.7  24.7  15.3  24.7  34.0  36.7  29.3  44.0  36.7  29.3  31.3  42.7  41.3  36.7  58.0  54.7  52.7  55.3  58.7  49.3  56.7  49.3  51.3  58.7  55.3  65.3  62.0  48.7  52.0  64.7  56.0  69.3  60.7  62.0  61.3  68.7  58.7  68.7  64.7  Time taken: 12.43
0.0  0.0  0.0  0.0  0.0  0.0  0.0  0.0  0.7  0.0  0.0  0.0  0.0  0.0  0.0  5.3  2.7  0.0  6.0  8.0  13.3  12.7  4.7  29.3  28.0  28.0  22.0  14.7  23.3  34.0  32.7  28.0  35.3  42.7  48.0  29.3  39.3  40.7  26.7  54.7  34.0  36.7  51.3  45.3  43.3  51.3  56.7  46.0  50.0  53.3  54.0  54.7  51.3  66.0  54.0  69.3  53.3  42.7  65.3  58.0  58.0  57.3  49.3  66.7  Time taken: 13.04
0.0  0.0  0.0  0.0  0.0  0.0  0.0  0.0  0.0  0.0  0.0  0.0  0.0  0.0  1.3  2.7  0.0  1.3  6.7  4.7  4.7  14.0  28.0  15.3  12.0  17.3  38.7  22.0  12.7  23.3  32.7  40.0  40.0  39.3  36.7  40.0  43.3  40.7  56.7  43.3  44.0  43.3  37.3  36.7  57.3  59.3  48.7  55.3  60.0  58.0  67.3  58.0  60.7  58.7  58.0  64.0  49.3  68.7  58.0  56.7  67.3  56.0  71.3  68.7  Time taken: 12.56
0.0  0.0  0.0  0.0  0.0  0.0  0.0  0.0  0.0  0.7  0.0  1.3  0.0  1.3  4.7  1.3  6.0  1.3  7.3  1.3  10.0  11.3  16.7  8.7  17.3  13.3  18.0  24.0  34.0  19.3  23.3  28.0  36.0  31.3  34.7  49.3  28.7  53.3  47.3  44.0  39.3  46.7  52.7  44.0  49.3  53.3  49.3  47.3  57.3  53.3  52.0  59.3  53.3  58.7  56.7  62.0  67.3  57.3  65.3  58.7  65.3  65.3  63.3  63.3  Time taken: 12.44
0.0  0.0  0.0  0.0  0.0  0.0  0.0  0.0  0.0  0.0  0.0  0.0  0.0  0.7  0.0  2.7  12.0  6.0  9.3  15.3  14.0  10.0  15.3  23.3  11.3  24.0  19.3  24.0  32.0  17.3  48.0  29.3  35.3  40.0  30.0  29.3  45.3  48.7  33.3  40.7  32.0  56.7  52.7  46.7  52.7  50.0  57.3  44.0  54.7  52.0  47.3  65.3  60.0  60.7  60.0  69.3  60.0  68.0  72.0  65.3  63.3  65.3  68.0  70.7  Time taken: 12.49
0.0  0.0  0.0  0.0  0.0  0.0  0.0  0.0  0.0  0.0  0.0  0.0  0.0  0.0  0.0  1.3  0.7  4.0  9.3  7.3  16.0  17.3  10.7  13.3  26.0  22.7  22.0  20.7  34.7  36.0  36.0  32.0  36.0  25.3  41.3  46.0  43.3  51.3  50.0  54.0  43.3  58.0  32.7  56.0  55.3  58.7  48.7  55.3  50.7  60.7  56.0  54.7  64.7  54.0  60.7  66.0  66.0  51.3  66.7  69.3  68.0  65.3  64.7  69.3  Time taken: 12.48
0.0  0.0  0.0  0.0  0.0  0.0  0.0  0.0  0.0  0.0  0.0  0.0  0.0  0.0  4.0  3.3  2.0  11.3  7.3  4.0  8.7  20.7  10.7  12.7  17.3  34.0  17.3  32.0  22.7  25.3  32.7  31.3  43.3  47.3  39.3  42.7  43.3  37.3  46.7  52.7  46.0  46.0  48.0  62.7  51.3  58.0  58.7  58.0  58.7  50.7  64.7  62.7  64.7  58.7  64.7  68.0  66.0  64.0  70.7  60.7  62.7  62.7  68.7  64.7  Time taken: 12.24
