2.0  0.0  0.0  0.0  0.0  1.3  4.7  13.3  16.7  15.3  17.3  28.0  22.7  33.3  45.3  31.3  48.7  44.0  54.7  40.0  57.3  49.3  50.7  56.0  54.7  68.7  49.3  62.7  67.3  67.3  66.0  71.3  68.7  74.7  68.7  70.0  78.0  72.7  79.3  70.0  72.7  76.7  66.7  81.3  74.0  80.7  78.0  73.3  72.7  85.3  77.3  74.0  74.7  82.7  85.3  81.3  88.7  72.0  84.7  84.0  76.7  84.0  82.0  81.3  Time taken: 7.32
1.3  0.0  0.0  0.0  0.0  0.0  0.7  4.7  21.3  26.7  24.7  20.7  38.0  31.3  25.3  47.3  40.7  54.0  39.3  44.0  48.7  46.0  46.0  49.3  56.7  50.0  61.3  70.7  67.3  57.3  64.0  59.3  62.7  72.0  66.0  64.7  76.7  74.0  80.0  77.3  78.0  72.7  74.0  76.0  81.3  81.3  78.0  80.0  75.3  77.3  80.0  80.0  72.0  80.7  82.0  78.7  86.0  84.0  83.3  74.7  76.0  83.3  82.7  80.7  Time taken: 7.67
0.7  0.0  0.0  0.0  0.0  0.0  2.7  2.0  14.0  19.3  14.7  28.7  20.7  36.0  29.3  36.7  48.0  37.3  48.7  44.0  46.7  42.7  52.7  50.7  58.7  62.0  68.7  56.7  64.0  74.0  71.3  50.0  70.7  65.3  78.0  72.0  68.7  74.7  68.0  70.0  70.7  72.0  72.0  74.0  76.0  74.0  78.7  76.7  76.0  88.7  70.0  82.7  77.3  80.7  73.3  80.0  82.7  75.3  75.3  78.7  78.7  84.7  77.3  70.0  Time taken: 7.33
0.7  0.0  0.0  0.0  0.0  0.0  1.3  6.0  15.3  18.7  19.3  34.0  29.3  39.3  20.0  30.0  50.0  37.3  52.0  40.7  56.0  62.7  51.3  54.7  58.0  70.7  53.3  57.3  57.3  60.0  58.0  59.3  69.3  64.7  68.0  71.3  66.0  69.3  76.0  75.3  67.3  76.7  70.0  78.0  73.3  79.3  70.0  71.3  79.3  74.7  75.3  66.7  72.0  74.7  80.7  80.0  86.0  80.7  82.7  72.7  84.0  80.7  80.7  82.7  Time taken: 7.39
0.7  0.0  0.0  0.0  0.0  8.0  2.0  7.3  15.3  10.0  24.7  25.3  26.0  46.0  36.7  50.7  54.0  51.3  34.0  48.0  56.7  51.3  54.0  60.7  40.7  56.0  57.3  59.3  66.0  64.7  64.0  69.3  65.3  74.0  68.0  69.3  75.3  73.3  70.0  76.0  74.7  76.0  76.7  70.0  68.0  75.3  76.0  75.3  83.3  80.0  75.3  76.0  86.0  76.0  83.3  78.7  84.0  76.7  86.0  69.3  82.7  84.7  80.7  88.7  Time taken: 7.28
0.0  0.0  0.0  0.0  0.0  0.0  3.3  11.3  12.7  18.7  12.7  14.7  15.3  26.7  33.3  44.0  36.0  42.7  48.0  44.7  38.0  47.3  52.7  60.7  50.0  46.0  66.7  54.7  63.3  63.3  66.7  67.3  62.0  72.0  68.7  72.0  70.7  66.7  79.3  74.7  68.7  70.7  78.0  63.3  77.3  74.0  74.0  76.7  76.0  70.7  84.0  73.3  83.3  73.3  73.3  72.0  85.3  78.0  85.3  82.0  81.3  84.0  85.3  78.0  Time taken: 7.68
0.7  0.0  0.0  0.0  0.7  1.3  4.0  6.7  15.3  23.3  14.0  22.0  37.3  39.3  36.0  46.0  39.3  46.7  56.0  46.0  50.0  56.7  54.7  51.3  58.0  58.7  52.0  62.0  50.7  58.0  64.7  64.7  66.7  70.7  62.0  70.7  74.0  67.3  74.0  68.7  74.0  74.0  66.0  65.3  80.0  77.3  80.7  77.3  77.3  74.0  82.7  80.7  80.0  81.3  86.7  70.0  80.0  84.7  83.3  90.7  80.7  84.0  84.7  84.0  Time taken: 7.30
0.7  0.0  0.0  0.0  0.0  0.7  6.0  4.7  10.7  6.7  14.0  15.3  23.3  40.0  32.0  36.7  32.0  31.3  44.0  52.7  49.3  48.0  50.7  54.0  62.7  62.7  48.7  58.7  61.3  66.7  64.0  68.0  71.3  71.3  62.7  70.0  65.3  76.7  80.7  74.0  68.7  72.0  77.3  76.0  72.7  80.7  77.3  82.7  83.3  69.3  81.3  80.7  78.7  81.3  75.3  76.0  78.7  76.0  86.7  79.3  84.0  90.7  85.3  84.7  Time taken: 7.51
0.0  0.0  0.0  1.3  2.0  1.3  0.0  3.3  9.3  23.3  18.0  28.0  44.7  32.7  36.0  44.7  37.3  46.0  48.0  40.0  52.7  60.0  62.7  66.7  48.0  62.0  52.7  66.0  76.0  57.3  70.7  74.7  62.7  58.7  70.7  74.0  72.0  67.3  79.3  72.7  76.7  68.7  79.3  79.3  73.3  75.3  75.3  81.3  79.3  77.3  82.7  80.7  78.7  83.3  76.7  80.7  85.3  82.0  76.7  80.0  82.0  76.0  81.3  79.3  Time taken: 7.12
0.0  0.0  0.0  0.0  0.7  3.3  2.0  13.3  10.7  10.7  18.7  23.3  29.3  34.7  37.3  45.3  34.7  50.7  60.0  52.0  40.0  64.7  54.7  56.0  60.0  56.0  58.0  72.0  59.3  68.0  77.3  69.3  57.3  71.3  70.7  66.0  75.3  71.3  70.0  77.3  79.3  70.7  74.0  69.3  82.7  79.3  76.7  70.7  70.7  79.3  82.0  78.0  78.7  78.0  78.7  78.7  79.3  85.3  90.7  79.3  84.7  82.0  86.7  83.3  Time taken: 7.23
0.0  0.0  0.0  0.0  0.0  1.3  3.3  0.7  16.7  11.3  10.0  27.3  34.0  28.7  42.0  36.0  38.7  43.3  45.3  42.7  43.3  60.0  55.3  56.0  51.3  60.7  66.7  67.3  64.0  65.3  68.7  67.3  72.7  63.3  62.0  80.7  73.3  69.3  76.7  74.7  66.7  80.7  79.3  81.3  77.3  76.0  76.0  76.0  81.3  80.7  73.3  81.3  74.0  73.3  82.7  80.7  82.0  76.7  82.0  86.0  84.0  87.3  82.7  83.3  Time taken: 7.48
0.7  0.0  0.0  0.0  0.0  2.0  0.0  9.3  18.0  21.3  26.0  14.0  31.3  17.3  33.3  34.0  51.3  29.3  48.0  38.7  61.3  61.3  66.7  56.7  66.0  58.7  53.3  65.3  58.0  68.0  74.7  56.7  70.7  63.3  72.0  64.7  82.0  71.3  71.3  64.7  66.7  82.7  74.0  80.0  79.3  74.7  78.7  84.7  76.0  76.7  71.3  82.7  79.3  81.3  78.7  81.3  76.7  83.3  85.3  82.7  85.3  84.7  85.3  83.3  Time taken: 7.24
0.7  0.0  0.0  0.0  0.0  1.3  3.3  7.3  17.3  7.3  10.0  28.0  28.7  26.0  50.7  36.7  39.3  33.3  42.0  50.0  52.0  58.7  52.7  54.0  54.0  61.3  58.7  67.3  64.7  66.7  59.3  64.0  71.3  72.7  74.0  76.7  70.0  70.7  70.7  78.7  75.3  72.7  74.0  78.7  78.0  80.7  80.0  76.0  82.7  82.7  84.7  75.3  78.0  78.7  85.3  75.3  84.7  85.3  82.0  84.7  84.7  84.7  84.7  86.0  Time taken: 7.44
0.7  0.0  0.0  0.0  0.0  3.3  4.7  4.0  8.7  18.0  17.3  20.0  22.0  22.0  42.0  30.0  46.7  50.0  46.7  48.7  55.3  60.7  48.0  46.0  62.7  56.0  52.0  67.3  65.3  66.7  70.0  68.0  67.3  66.7  62.0  67.3  68.7  64.7  73.3  75.3  74.0  74.0  74.7  82.0  77.3  76.0  78.0  76.0  78.0  78.0  81.3  86.0  79.3  77.3  84.7  80.7  81.3  80.0  89.3  76.0  78.7  87.3  84.0  88.0  Time taken: 7.34
1.3  0.0  0.0  0.0  2.7  3.3  4.0  10.0  4.0  22.0  24.7  25.3  34.0  37.3  28.7  34.7  36.0  46.0  52.0  46.7  46.7  54.7  58.0  56.0  54.7  57.3  59.3  61.3  62.7  60.7  65.3  64.0  58.7  68.7  65.3  67.3  70.0  66.0  78.7  80.7  74.0  62.7  79.3  77.3  69.3  83.3  72.7  75.3  78.7  81.3  81.3  81.3  84.0  78.0  79.3  76.0  78.0  79.3  77.3  84.0  82.0  78.0  80.7  87.3  Time taken: 7.11
0.0  0.0  0.0  1.3  2.0  0.0  4.0  6.0  10.7  16.0  10.7  28.0  30.7  30.7  35.3  30.7  42.0  41.3  52.7  47.3  39.3  50.7  58.0  64.7  63.3  45.3  56.0  53.3  72.7  65.3  49.3  62.0  61.3  67.3  69.3  75.3  74.0  74.7  69.3  76.7  79.3  69.3  71.3  82.0  74.0  67.3  78.0  72.7  71.3  83.3  89.3  78.0  79.3  81.3  80.7  78.7  78.7  76.7  78.0  82.0  82.7  79.3  89.3  77.3  Time taken: 7.43
0.0  0.0  0.0  0.0  0.0  10.0  4.0  1.3  19.3  12.7  7.3  28.7  34.7  40.0  44.0  30.0  32.0  40.7  36.7  54.7  49.3  58.0  54.7  57.3  67.3  58.0  66.0  60.7  60.0  67.3  72.7  62.0  60.0  60.7  75.3  72.7  72.7  74.0  70.7  64.0  77.3  70.0  72.7  74.7  76.7  72.0  79.3  72.7  76.7  79.3  84.7  78.0  81.3  81.3  83.3  78.0  86.0  80.7  80.0  80.0  77.3  82.0  82.0  74.7  Time taken: 7.35
0.0  0.0  0.0  0.0  0.0  1.3  2.7  8.0  10.0  8.7  28.0  10.0  20.0  31.3  39.3  36.7  40.7  45.3  47.3  50.0  52.0  52.7  46.7  58.7  56.0  63.3  59.3  51.3  73.3  61.3  60.7  62.0  74.7  68.0  67.3  72.0  64.7  62.0  69.3  75.3  72.7  74.7  73.3  80.0  78.7  66.7  73.3  77.3  76.7  74.7  84.7  74.0  78.0  73.3  77.3  78.7  80.7  79.3  85.3  83.3  82.0  78.0  80.0  83.3  Time taken: 7.29
0.0  0.0  0.0  0.0  0.0  0.0  6.7  5.3  12.0  24.0  26.0  18.7  25.3  34.0  34.0  47.3  48.7  46.7  51.3  48.7  59.3  56.7  56.7  59.3  56.7  62.7  62.7  66.0  60.0  61.3  66.7  63.3  72.7  64.0  74.7  71.3  77.3  62.0  70.0  75.3  75.3  76.7  73.3  78.0  73.3  77.3  79.3  75.3  82.7  82.0  80.0  78.0  84.0  84.0  78.0  84.0  82.0  80.7  85.3  80.0  82.7  81.3  80.7  80.7  Time taken: 7.38
0.0  0.0  0.0  0.0  1.3  1.3  4.7  12.0  12.0  12.0  18.0  16.0  40.7  28.0  36.7  41.3  49.3  59.3  38.0  37.3  39.3  58.0  39.3  46.7  62.7  63.3  50.7  49.3  58.0  64.7  60.0  64.0  58.0  64.7  68.0  67.3  72.7  62.0  80.0  70.7  71.3  76.7  80.0  70.7  70.0  73.3  82.0  74.0  74.0  74.7  78.7  78.0  76.0  74.7  80.7  80.7  76.0  80.7  85.3  86.7  81.3  83.3  80.0  80.7  Time taken: 7.63
