0.0
0.0
0.0
0.0
0.0
0.0
0.0
0.0
0.0
0.0
0.0
0.0
0.0
0.0
0.0
0.0
0.0
0.0
0.0
0.0
0.0
0.0
0.0
0.0
0.0
0.0
0.0
0.0
0.0
0.0
0.0
0.0
0.0
0.0
0.0
0.0
0.0
0.0
0.0
0.0
0.0
0.0
0.0
0.0
0.0
0.0
0.0
0.0
0.0
0.0
0.0
0.0
0.0
0.0
0.0
0.0
0.0
0.0
0.0
0.0
0.0
0.0
0.7
0.0

blockDim.x: 64
gridDim.x: 150
stride: 9600

Time taken: 11.01
0.0
0.0
0.0
0.0
0.7
0.0
0.0
0.0
0.0
0.7
0.0
0.0
0.0
0.0
0.0
0.0
1.3
0.0
0.0
0.0
0.0
0.0
0.0
0.7
2.0
1.3
0.7
0.0
2.0
4.0
2.0
1.3
0.0
0.0
1.3
2.7
0.0
2.7
2.0
6.7
0.7
8.0
4.7
6.0
8.0
4.7
0.7
0.0
3.3
1.3
4.7
4.7
4.7
12.0
12.0
3.3
0.7
12.7
29.3
8.0
4.0
6.0
4.0
1.3

blockDim.x: 64
gridDim.x: 150
stride: 9600

Time taken: 11.85
